1.0 1.0 0.5 0.6119708759824998 0.32827789887940795 0.8899217568813614 2.2735884813062258E-4 -0.05625087508449724 0.056693933352649016
1.0 2.0 0.0 0.6124582481030492 0.373754026286142 0.8453953802736467 7.473853929680033E-4 -0.0512279486389895 0.052684391968875706
1.0 3.0 0.5 0.6134656467684358 0.4125091521474045 0.8086033902731375 0.001267411937805384 -0.04623017859652036 0.04870000698814095
1.0 4.0 1.0 0.6149930719786598 0.443654392336819 0.7804346710062106 0.0017874384826427649 -0.04126544666722352 0.04474866012057851
1.0 5.0 1.0 0.6170405237337213 0.46639416814635015 0.7616848011809019 0.0023074650274801465 -0.0363452035139728 0.04084180202906219
1.0 6.0 1.0 0.6196080020336203 0.4806223374987132 0.7524599228744947 0.002827491572317535 -0.031486656498906064 0.03699664007572985
1.0 7.0 1.0 0.6226955068783565 0.4875317753441107 0.751567161136788 0.0033475181171549167 -0.02671668630685102 0.03324005494540925
1.0 8.0 1.0 0.62630303826793 0.48949041724794634 0.7566385804023787 0.0038675446619922966 -0.022079159590892707 0.02961591329118532
1.0 9.0 0.5 0.630430596202341 0.4891652750025496 0.7650071688789354 0.0043875712068296765 -0.01764906757924194 0.02619920634126897
1.0 10.0 0.0 0.6350781806815894 0.4887621046477674 0.7744671705266114 0.004907597751667058 -0.013560010890692647 0.02312353471445406
1.0 11.0 1.0 0.6402457917056751 0.4898053740572199 0.7834941174717874 0.0054276242965044415 -0.010052786847916322 0.02062969573341213
1.0 12.0 0.5 0.6459334292745983 0.4932343151161177 0.7911487778292529 0.005947650841341828 -0.0075265250627143876 0.019116819009944608
1.0 13.0 0.0 0.6521410933883588 0.4995519508624743 0.7969281285609934 0.006467677386179208 -0.00645591947022194 0.01905959847918655
1.0 14.0 0.0 0.6588687840469567 0.5089225999364836 0.8006678510268164 0.006987703931016592 -0.007020209374401095 0.02063727344510011
1.0 15.0 1.0 0.666116501250392 0.5211954418003477 0.8025187657645183 0.007507730475853968 -0.008898595791947992 0.023529044924381442
1.0 16.0 0.5 0.6738842449986646 0.5358451737357793 0.8030061754923872 0.008027757020691355 -0.011613155811035137 0.02725699000520297
1.0 17.0 1.0 0.6821720152917747 0.5518129658453735 0.803188910107828 0.008547783565528738 -0.014817369590672381 0.03147458884657462
1.0 18.0 0.5 0.6909798121297221 0.5672515242431804 0.8049142634967907 0.009067810110366115 -0.018311168251567974 0.035981772569204644
1.0 19.0 1.0 0.699980763109099 0.57900484148852 0.8107012609804931 0.008280347041571486 -0.019383804159223014 0.03551986506074706
1.0 20.0 1.0 0.7072136338094571 0.5838601365323597 0.8199407908911982 0.006185394359144842 -0.017975297706727348 0.03002888671429176
1.0 21.0 0.0 0.7123515518273885 0.5836742070255742 0.8301390734585679 0.004090441676718199 -0.01672451488649521 0.024695632000099988
1.0 22.0 1.0 0.7153945171628934 0.5804985963831623 0.839244565267605 0.001995488994291554 -0.015719860306149056 0.019608505525794226
1.0 23.0 1.0 0.7163425298159717 0.5757535252173498 0.8458370457060826 -9.946368813508444E-5 -0.01511187516422075 0.01491804848990629
1.0 24.0 1.0 0.7151955897866233 0.5703104930119273 0.8490450152902103 -0.0021944163705617335 -0.01514523595889214 0.010868937390618038
1.0 25.0 1.0 0.7119536970748482 0.5646407144858522 0.848397259301032 -0.004289369052988377 -0.016147218509457377 0.007788448047223641
1.0 26.0 0.5 0.7066168516806466 0.5589215001768442 0.8437164672008262 -0.006384321735415022 -0.01836900656500569 0.005927764208812308
1.0 27.0 1.0 0.6991850536040182 0.5530845050987061 0.8350709839757912 -0.008479274417841666 -0.021761746241536685 0.005238031991383675
1.0 28.0 1.0 0.6896583028449632 0.5468112625111211 0.822779276366243 -0.01057422710026831 -0.02602633222058173 0.005420146076469116
1.0 29.0 1.0 0.6780365994034816 0.5394811078331218 0.8074620089531505 -0.01266917978269495 -0.0308511655127179 0.006162507474645638
1.0 30.0 0.0 0.6643199432795733 0.5300815913817998 0.7901316314194202 -0.014764132465121597 -0.03602107395478638 0.007249944022754499
1.0 31.0 0.0 0.6485083344732383 0.5171247337021406 0.7722761232200677 -0.01685908514754824 -0.04140673297694678 0.008553131150955259
1.0 32.0 0.0 0.6306017729844768 0.49869056444212395 0.7558154547071128 -0.018954037829974884 -0.04693219444725005 0.00999612072729895
1.0 33.0 0.5 0.6106002588132885 0.472770381430368 0.7427583280519378 -0.021048990512401524 -0.052551885573456365 0.011533339959545572
1.0 34.0 1.0 0.5885037919596737 0.43787566986394266 0.734593258057473 -0.023143943194828168 -0.05823747140378554 0.0131364538959151
1.0 35.0 0.5 0.5643123724236323 0.3934602935960905 0.7318663808704747 -0.025238895877254815 -0.06397066136906167 0.01478717196723166
1.0 36.0 1.0 0.5380260002051641 0.33978768165997675 0.7343142674577787 -0.027333848559681455 -0.06973922563929962 0.016473264343510013
1.0 37.0 0.5 0.5096446753042693 0.2774877170799175 0.7413070347950683 -0.029428801242108102 -0.07553472385929008 0.018186290669540823
1.0 38.0 0.5 0.479168397720948 0.207212549321887 0.7521925334163699 -0.03152375392453475 -0.08135116552602008 0.01992026044231118
