-0.03454129287976371
-0.034246753048577494
-0.03395221206936605
-0.03365766959879157
-0.03336312552968734
-0.0330685810732283
-0.03277403854301886
-0.03247950078169115
-0.032184970064991714
-0.03189044746355024
-0.0315959344225637
-0.031301432941428314
-0.03100694380097163
-0.03071246793532495
-0.030418005496642253
-0.03012355702229319
-0.02982912290467221
-0.029534702964305437
-0.029240296589215314
-0.028945903067122414
-0.02865152234705881
-0.02835715355608981
-0.028062796648867322
-0.02776845137323547
-0.027474117684274157
-0.027179793964805465
-0.02688547866352342
-0.02659116941330164
-0.02629686418345925
-0.026002560705812305
-0.02570825742982326
-0.025413953475514117
-0.025119648192290872
-0.024825340389889178
-0.024531030307308133
-0.02423671949617201
-0.023942409866058702
-0.023648103148540864
-0.023353799719819296
-0.023059499625172196
-0.022765203524379544
-0.022470911790754805
-0.022176624807123388
-0.021882344139783516
-0.02158807004751534
-0.02129380328906111
-0.020999545975811273
-0.020705300599593357
-0.020411070525260297
-0.020116858768905593
-0.019822666989968984
-0.019528497380212007
-0.019234352014075362
-0.018940233281603547
-0.018646145173976836
-0.018352092031884898
-0.01805807765929636
-0.017764105953421955
-0.0174701792626952
-0.017176299284438173
-0.016882468255826594
-0.016588689628500117
-0.016294966292994206
-0.01600129972541264
-0.015707691660625217
-0.015414143625490623
-0.01512065659925806
-0.014827232193204516
-0.014533871425024235
-0.014240575332552546
-0.01394734555510485
-0.013654184072231887
-0.01336109300940476
-0.01306807332721057
-0.012775126339355854
-0.01248225422662233
-0.012189459292147733
-0.011896743116787001
-0.011604107217635898
-0.01131155309560776
-0.011019081634729394
-0.010726693084407449
-0.01043438814515088
-0.010142166736264335
-0.009850027559402674
-0.009557968817199336
-0.009265988149672638
-0.008974083710669045
-0.008682252994390793
-0.00839049274027924
-0.008098801137022112
-0.007807177637496651
-0.007515622071532644
-0.007224135260166499
-0.006932717616983998
-0.006641369974377524
-0.006350093093236208
-0.006058887454715833
-0.005767754069855271
-0.005476694507525089
-0.005185709857021603
-0.004894801878223234
-0.004603970363692422
-0.004313214552875949
-0.004022532781639207
-0.003731924268391501
-0.0034413888245318734
-0.003150925629637504
-0.002860535388890084
-0.002570218564292598
-0.0022799742360125053
-0.0019898004016208892
-0.0016996955242963852
-0.001409657157064939
-0.001119682978784231
-8.297715179956672E-4
-5.399207220467203E-4
-2.5012877786378257E-4
3.960511378998943E-5
3.2928179139968955E-4
6.189006086579456E-4
9.08461957560603E-4
0.0011979656196517054
0.0014874109188930812
0.0017767968993005756
0.00206612203516935
0.002355384116169909
0.0026445807745872282
0.002933709337670891
0.003222767481691556
0.0035117531556303483
0.003800665701643481
0.004089502972573961
0.004378262928380658
0.004666943350160491
0.004955539768855877
0.0052440456632852905
0.005532453864917908
0.005820757569232449
0.0061089494108893805
0.006397021386118751
0.006684965559816292
0.006972773950964517
0.007260437059733782
0.007547945452964361
0.007835290433129832
0.008122464230465753
0.008409459690306709
0.0086962691577753
0.008982884747921471
0.00926929867514753
0.009555500839329795
0.009841480944169423
0.010127228879884376
0.010412734544813146
0.010697987997469044
0.01098297882801949
0.011267696153761553
0.011552129874230349
0.011836270798255416
0.012120108727165263
0.012403633689061694
0.012686835037039906
0.012969703455730508
0.01325222967969708
0.013534404550036544
0.013816219711037386
0.01409766825323435
0.014378743551980072
0.0146594398996312
0.014939753135608184
0.015219679510190244
0.015499215662110509
0.015778357090977906
0.01605709869307198
0.016335434177501953
0.016613357010725117
0.016890861099770726
0.017167939989971966
0.017444587235142625
0.017720797233245378
0.017996562841071262
0.018271876622739533
0.018546731251757584
0.018821120103533463
0.01909503683278535
0.019368476022849558
0.019641432822175155
0.019913902974658698
0.020185883432234715
0.020457371577430484
0.0207283638943665
0.02099885569589837
0.02126884341150927
0.02153832320534565
0.021807291062710135
0.02207574219311815
0.02234367222647068
0.02261107777627255
0.02287795478578407
0.023144297692761145
0.023410100723534586
0.023675359036146912
0.023940067574209068
0.02420422086286578
0.024467814310012666
0.024730842967356725
0.024993301934270264
0.025255187825189648
0.025516496557139102
0.025777223868134122
0.026037364966693753
0.026296915743426783
0.026555871950695448
0.026814230148323168
0.027071987138363618
0.02732914046135384
0.027585687733197438
0.027841627304951724
0.02809695678345729
0.028351674000957366
0.028605777744390055
0.028859267056055682
0.029112139310523096
0.0293643913106455
0.02961602048737006
0.029867023084150745
0.030117395047918563
0.03036713216071959
0.03061623077658683
0.03086468815207366
0.031112501224055344
0.03135966681869355
0.03160618134087449
0.031852041507007385
0.03209724323140324
0.03234178381790398
0.03258566220508999
0.03282887536309499
0.03307141993954275
0.033313293010967304
0.03355449113528229
0.033795010053621705
0.03403484602187411
0.03427399506742086
0.03451245358180434
0.03475021848380963
0.034987287200899955
0.035223657499600394
0.035459327427632005
0.03569429507831466
0.0359285585805697
0.036162117280183294
0.036394970863993174
0.03662711762316947
0.03685855564336047
0.037089281699858395
0.037319292747524255
0.037548585962931286
0.03777715711725553
0.038005003665310275
0.03823212304656373
0.03845851351986548
0.038684173594545894
0.038909101869870115
0.039133295363912815
0.03935675097480687
0.039579465352703375
0.0398014351854786
0.04002265582145723
0.040243122734073364
0.04046283130446067
0.04068177593865095
0.04089995139403085
0.04111735290966663
0.04133397628842106
0.04154981615859493
0.04176486729973495
0.04197912478780886
0.042192584331015075
0.04240524113911069
0.04261709005258455
0.04282812538180069
0.04303834151022227
0.043247733048618675
0.043456294954925215
0.043664021643747775
0.04387090660008311
0.04407694406657288
0.044282127287277526
0.044486447802835935
0.04468989763349178
0.04489247009464083
0.04509416101103617
0.04529496490069506
0.045494876907259334
0.04569389302135112
0.04589200900567109
0.046089221036057296
0.04628552705722358
0.046480924269112406
0.04667540971583992
0.04686898089513181
0.04706163448824993
0.04725336799881669
0.04744417703325395
0.04763405673921739
0.047823001818985404
0.04801100739371117
0.048198068613677814
0.04838418171740808
0.0485693419576758
0.04875354536871071
0.04893678713442904
0.04911906133609007
0.04930036318193638
0.04948068679986126
0.0496600256185837
0.049838373677330114
0.050015727091168596
0.05019208238801766
0.050367437244071334
0.050541787811352275
0.050715129713245787
0.05088745844965882
0.05105876858568196
0.05122905541181484
0.051398313268925994
0.0515665364498213
0.05173371915801025
0.051899855574228854
0.052064939816734046
0.05222896627953032
0.05239192865262726
0.05255382185987194
0.05271464138908102
0.052874382868045154
0.05303304158654029
0.05319061277512012
0.05334709199856532
0.05350247612540453
0.05365676244193616
0.053809948323492514
0.053962029882459524
0.05411300279521169
0.054262863836925156
0.05441160995626081
0.05455923770019194
0.05470574292546676
0.05485112115096842
0.05499536835377912
0.05513847986668814
0.05528045143686516
0.05542127769667934
0.055560952720727544
0.05569947025201269
0.05583682429424004
0.055973008994869414
0.05610801798561538
0.056241846817396995
0.056374490810277456
0.056505946157470746
0.05663620930606682
0.05676527589725399
0.05689314233690188
0.0570198044356635
0.05714525848187398
0.05726950138969701
0.05739253002707408
0.057514340808632075
0.057634929378054665
0.05775429318081991
0.05787242968430106
0.05798933653804948
0.05810501138111092
0.058219451441703186
0.05833265372198476
0.058444613821013874
0.05855532684255213
0.058664787206918
0.05877298889773845
0.058879925184578755
0.058985587735157975
0.05908996818524654
0.05919305770122686
0.059294848102713314
0.059395330783119246
0.05949449855036584
0.0595923430424295
0.059688853485678615
0.059784018560116725
0.059877826078462024
0.059970263479160776
0.06006131763980105
0.060150976504811236
0.06023922870754688
0.06032606345254843
0.06041147029007107
0.0604954379689863
0.0605779550121636
0.060659010762540544
0.06073859471443419
0.06081669697158694
0.06089330907900668
0.06096842244490577
0.06104202872971897
0.0611141181198184
0.061184681097383425
0.06125370756640372
0.061321187567878584
0.06138711294440349
0.061451474603485115
0.06151426373237689
0.06157547156907248
0.06163509017286087
0.06169311027722994
0.061749523810779985
0.06180432422130676
0.0618575053378856
0.061909061180100006
0.06195898491676265
0.06200727016566675
0.062053910965556416
0.06209890205169116
0.062142238130170724
0.062183915078071555
0.06222392821229895
0.06226227209514171
0.06229894240105227
0.06233393516130782
0.06236724744986047
0.06239887680437456
0.062428820957129524
0.06245707739790503
0.06248364514266294
0.06250852232450424
0.06253170802457697
0.06255320100479955
0.06257300083380933
0.0625911077024622
0.06260752255228211
0.06262224651284666
0.06263527980069111
0.0626466217378519
0.06265627290838442
0.06266423383735709
0.0626705056139899
0.06267508981601297
0.0626779889743965
0.06267920612287606
0.06267874485807726
0.06267660716665295
0.06267279621937734
0.06266731360940077
0.0626601609734734
0.06265133934412533
0.06264085151127041
0.06262869928912158
0.06261488394829093
0.06259940746075773
0.06258227257174354
0.06256348217788929
0.062543040630263
0.06252095343312689
0.062497226843307746
0.06247186611764452
0.062444877174802016
0.06241626539065864
0.06238603771824469
0.06235420164205424
0.06232076546098769
0.062285738708958815
0.06224913224889583
0.06221095734174764
0.06217122549386986
0.062129947515269374
0.06208713424373591
0.06204279545998684
0.06199693994253633
0.061949576601092654
0.06190071527148783
0.061850364739969965
0.0617985340815671
0.06174523433401144
0.06169047580739853
0.06163427034907287
0.061576630476658845
0.06151756871811226
0.06145709756036999
0.061395230938215445
0.06133198292482411
0.06126736780500283
0.06120139947665873
0.06113409203897857
0.06106546080800096
0.06099552144589307
0.06092428738233002
0.06085177260497879
0.06077799265140482
0.06070296349723217
0.06062670167677078
0.06054922273483654
0.06047054192018861
0.06039067464620834
0.06030963574554546
0.06022743907663797
0.06014409833193937
0.06005962634864104
0.05997403627280354
0.05988734040397123
0.059799550509103544
0.05971067788326914
0.059620732905246554
0.05952972490503683
0.05943766376058132
0.059344557884121726
0.059250414933242165
0.059155241337190065
0.05905904340114901
0.05896182747952933
0.05886359989809038
0.05876436554084266
0.05866412812964519
0.05856289063631322
0.05846065583665093
0.058357425660197866
0.05825320112022454
0.05814798185822375
0.0580417687118905
0.05793456393500181
0.05782636974053233
0.057717188530224964
0.057607022483946994
0.05749587269201258
0.05738373987885305
0.057270624972153544
0.05715652852997781
0.05704145074769583
0.056925390762341224
0.0568083481184168
0.05669032332122264
0.056571315671364704
0.05645132500772224
0.0563303523654041
0.056208399168798016
0.05608546625455006
0.055961554373745906
0.05583666536495301
0.05571080076026498
0.055583961416852394
0.05545614871600459
0.05532736351705678
0.05519760661807615
0.05506687871423048
0.0549351798214904
0.054802510164472545
0.054668870115031215
0.0545342595344368
0.05439867896848529
0.05426212901932895
0.05412461122254537
0.05398612647561583
0.053846676074161326
0.05370626145749061
0.05356488454451145
0.053422544760448325
0.053279241519455164
0.053134973939108654
0.05298974059423871
0.052843541314646435
0.052696376745481624
0.05254824552817877
0.052399145957074525
0.05224907611808595
0.05209803375615421
0.05194601562033062
0.051793019490961684
0.05163904255115487
0.0514840819255318
0.05132813607295774
0.051171203818523386
0.05101328440661592
0.050854376707967316
0.050694480473733074
0.05053359565460978
0.050371722960219266
0.05020886264549852
0.05004501347688341
0.049880174597564074
0.04971434601029747
0.04954752681516553
0.04937971570504049
0.0492109126215524
0.0490411178693417
0.04887033173256631
0.04869855436480747
0.04852578595373446
0.048352028165965795
0.04817728334368229
0.04800155386011458
0.04782484178938884
0.047647148803583825
0.04746847670669914
0.04728882759772864
0.04710820444521831
0.04692660989610925
0.046744045627421245
0.046560513993281295
0.046376017031573624
0.046190556925127385
0.046004135724037554
0.045816755648355016
0.045628420280544146
0.04543913245176409
0.04524889541889407
0.04505771351157309
0.04486559164858776
0.044672534834403865
0.044478547874486435
0.04428363562997195
0.044087803460731184
0.043891056642801934
0.043693401452491884
0.043494844102057256
0.043295391441956044
0.043095050478755864
0.04289382887625698
0.04269173378915753
0.042488771278159976
0.042284947519690946
0.042080268786332614
0.041874741688854286
0.04166837105745602
0.04146116209835457
0.04125311904264732
0.04104424743410083
0.0408345516244905
0.04062403605333245
0.04041270586682767
0.04020056457230117
0.039987616103071257
0.03977386310911518
0.039559308023167906
0.03934395334198927
0.03912780066085056
0.03891085224797866
0.03869311037830258
0.03847457691204763
0.03825525446352404
0.03803514507109666
0.03781425123107229
0.037592575175739704
0.03737011880348687
0.0371468848645006
0.03692287743259172
0.03669810080814871
0.036472559798859175
0.03624625834620561
0.03601919985641549
0.035791387803890365
0.035562825011828114
0.035333514280544556
0.0351034594271752
0.034872664681883304
0.0346411353077857
0.03440887525863566
0.034175888418384634
0.033942178452208496
0.03370774812294425
0.03347260028981891
0.03323673818139372
0.03300016653090515
0.032762889955260194
0.03252491299487399
0.032286240114532364
0.0320468741067602
0.03180681763582341
0.03156607201610137
0.0313246388739715
0.0310825181001447
0.030839710025344594
0.030596216565308663
0.030352039828384997
0.03010718263762925
0.02986164655802697
0.02961543422969229
0.02936854812737523
0.029120990286236964
0.02887276357068612
0.028623869509865382
0.028374309162865832
0.02812408417464303
0.02787319738243324
0.027621651396031427
0.027369449167359
0.027116592836012005
0.02686308591309907
0.02660893102170657
0.02635412993077918
0.026098685520707418
0.025842600685210354
0.025585879788115273
0.025328528637962464
0.025070552676796268
0.02481195739941769
0.024552747460208607
0.024292926832117347
0.024032500067734282
0.023771470607973716
0.023509841584630264
0.02324761553350959
0.022984795277679194
0.022721382660696572
0.02245737897873755
0.022192785183882638
0.021927603171427182
0.021661834104709655
0.02139547918298789
0.02112853893404142
0.020861014432309637
0.020592905914425176
0.020324214117163487
0.020054938872459717
0.0197850794747068
0.01951463542860908
0.01924360625205878
0.018971991184058894
0.018699789554307965
0.018427002128932585
0.018153628733408908
0.017879668771591917
0.01760512176146295
0.017329987223392695
0.017054264786208
0.016777953317594994
0.016501052767453676
0.016223562114595205
0.015945481260933127
0.015666810597853954
0.01538754926937784
0.015107696618148515
0.014827253544894482
0.014546220463230914
0.014264599098786877
0.013982390044176403
0.01369959503306872
0.013416215390030392
0.013132251861693062
0.012847705554856342
0.01256257808402822
0.012276872609658408
0.01199059261394883
0.011703741420714023
0.011416322325116648
0.011128337516187858
0.010839789622075158
0.010550682144979603
0.01026101978580038
0.009970807032787105
0.00968004902273728
0.009388751280544269
0.009096919106006102
0.008804558206266161
0.008511673163190014
0.008218269962845776
0.007924355000534442
0.007629934214953338
0.007335014179634197
0.007039601809305157
0.006743704333140338
0.0064473271061813026
0.00615047503111682
0.005853153424977706
0.005555368159874077
0.00525712558632907
0.0049584315617902525
0.004659292663480946
0.004359716895627155
0.004059713125047659
0.0037592903680009893
0.003458456986370359
0.003157221443758934
0.0028555911339089857
0.0025535743195276017
0.0022511788321619847
0.001948410685650201
0.0016452751747894206
0.001341778728565779
0.0010379273142992612
7.337274725311149E-4
4.2918572177731706E-4
1.243088691601224E-4
-1.8089742330203162E-4
-4.86426932243586E-4
-7.922729363097625E-4
-0.0010984284199712507
-0.0014048866108090086
-0.0017116403747301917
-0.002018681842662254
-0.0023260020749022864
-0.0026335920425543807
-0.0029414439386684643
-0.0032495503398275033
-0.0035579037395704477
-0.0038664954116239686
-0.004175317302490697
-0.004484362679124498
-0.004793624247742309
-0.005103094179054288
-0.005412763591915837
-0.005722623713303704
-0.006032665840766241
-0.0063428815854249115
-0.006653262179222741
-0.006963799532875653
-0.0072744855097477065
-0.007585313521258297
-0.00789627744217436
-0.008207370923723825
-0.008518587190255007
-0.008829919791420643
-0.009141361967172523
-0.009452906479016414
-0.00976454646416794
-0.010076274818069428
-0.010388084140526666
-0.010699966897689019
-0.011011915206337236
-0.011323921940301886
-0.011635980650495849
-0.011948085634603436
-0.012260231102896216
-0.012572411638359676
-0.01288462207440503
-0.013196857995535088
-0.013509116355634516
-0.013821394454728835
-0.014133690555442883
-0.014446000838898698
-0.0147583206421419
-0.015070646511622418
-0.015382975584727319
-0.015695304417100805
-0.01600762875386802
-0.01631994500819825
-0.016632249630299134
-0.016944539170659266
-0.01725681095379023
-0.0175690625585296
-0.01788129125333387
-0.0181934943463622
-0.018505669830470813
-0.018817816097202136
-0.01912993169109689
-0.019442015383500336
-0.01975406660363704
-0.02006608565191131
-0.0203780723510473
-0.020690027467195022
-0.021001951552092217
-0.021313845559362648
-0.021625710949578655
-0.021937548445425267
-0.022249358728687912
-0.02256114131720175
-0.02287289445398693
-0.02318461629152705
-0.023496305090336417
-0.023807959287467748
-0.02411957789022467
-0.024431160781475114
-0.024742706561361263
-0.025054212625556845
-0.02536567609592505
-0.02567709396539711
-0.025988461747194193
-0.02629977516040139
-0.026611029816976835
-0.026922221091938654
-0.02723334526263164
-0.02754439899286018
-0.027855379169909905
-0.02816628301140065
-0.028477107989495154
-0.028787852700895095
-0.029098516124327112
-0.029409097208355703
-0.02971959546543386
-0.030030008936409985
-0.03034033630565268
-0.030650576210196442
-0.030960726584576718
-0.03127078615090208
-0.03158075355736911
-0.031890627115196295
-0.032200405575725406
-0.03251008768527115
-0.03281967129371529
-0.033129153959163535
-0.033438533244891926
-0.03374780542049928
-0.03405696886115743
-0.03436602242581012
-0.034674964903503344
-0.03498379407963217
-0.03529250830062758
-0.035601106602908855
-0.0359095882145168
-0.03621795248467566
-0.03652619832510694
-0.036834326188952035
-0.037142336869364564
-0.0374502293368726
-0.03775800292527831
-0.038065657044199556
-0.038373190338971346
-0.03868060074107104
-0.03898788556577479
-0.03929504163309531
-0.03960206602169725
-0.039908956655562364
-0.04021571132475303
-0.04052232702520839
-0.04082880229291376
-0.04113513539735111
-0.041441324195151286
-0.04174736646937627
-0.04205325998306632
-0.04235900309475554
-0.042664595387910884
-0.042970037419597894
-0.04327533059457507
-0.0435804768876257
-0.043885478345896456
-0.04419033770124996
-0.0444950575457137
-0.044799639684771214
-0.04510408609386737
-0.04540840026666152
-0.045712584933106835
-0.04601664229559227
-0.04632057411401338
-0.04662438239118734
-0.0469280688954727
-0.047231634762649466
-0.04753508169800956
-0.04783841114249307
-0.048141624142501144
-0.04844472068449702
-0.04874770000446462
-0.04905056192287327
-0.04935330748966808
-0.049655937468019135
-0.04995845254200493
-0.050260853263602294
-0.05056313942900861
-0.05086531202382701
-0.05116737223492291
-0.05146932087906969
-0.051771159616022064
-0.05207289019100699
-0.05237451552762974
-0.05267603785729903
-0.0529774603661317
-0.053278786701003666
-0.053580019927850095
-0.05388116361066266
-0.05418222155293034
-0.054483197527422575
-0.05478409550117821
-0.05508491963442539
-0.055385674044694265
-0.05568636332412868
-0.05598699291967441
-0.05628756902862289
-0.056588098333311354
-0.05688858601370216
-0.057189037223691286
-0.05748945602116276
-0.05778984520120328
-0.058090207443850475
-0.05839054617537276
-0.05869086454865607
-0.058991165926283444
-0.05929145349783271
-0.05959172881250781
-0.05989199325085735
-0.06019224874015293
-0.06049249603971056
-0.06079273662833021
-0.06109297146353444
-0.061393202510225266
-0.061693429823232726
-0.06199365282457284
-0.06229387111074641
-0.06259408442639042
-0.06289429325748713
-0.0631944986018851
-0.06349470212978141
-0.06379490507925942
