1.0 1.0 1.0 0.56918089539685 0.2862405001475529 0.8485735524206685 -0.016549881794977486 -0.07253732219714716 0.040286270494113964
1.0 2.0 0.0 0.5533355219407112 0.3156286014006835 0.7883072875094204 -0.015140865117300378 -0.0666537958976468 0.03714852028444595
1.0 3.0 0.0 0.5388991651622494 0.339139311243849 0.7366641900979702 -0.01373184843962326 -0.06079561391604969 0.034036114392681165
1.0 4.0 1.0 0.5258718250614647 0.35588956216453155 0.6945273276988355 -0.012322831761946151 -0.054970714591961234 0.03095699115842506
1.0 5.0 1.0 0.514253501638357 0.3651052973253972 0.6626707571493501 -0.010913815084269033 -0.0491906287695106 0.027922681425806735
1.0 6.0 0.5 0.5040441948929266 0.36671467531701446 0.6411663198589445 -0.009504798406591922 -0.04347267969708881 0.024950508443217303
1.0 7.0 1.0 0.4952439048251732 0.3619334260998077 0.6287982858671961 -0.008095781728914803 -0.037843918294174266 0.022067523130135096
1.0 8.0 0.0 0.487852631435097 0.35312004308061157 0.6232081617672698 -0.006686765051237692 -0.032348461803345545 0.01931784272913874
1.0 9.0 0.0 0.4818703747226979 0.34291142325612434 0.621759050562466 -0.005277748373560577 -0.027061655664476412 0.016776812680101918
1.0 10.0 0.0 0.47729713468797585 0.33348458465638026 0.6222739342227517 -0.0038687316958834657 -0.02211751468366339 0.014578447789121228
1.0 11.0 0.0 0.47413291133093094 0.3263443205597121 0.6232480194697936 -0.0024597150182063474 -0.01775693583792017 0.012963645033210349
1.0 12.0 1.0 0.47237770465156315 0.3224166000270456 0.6237553372426667 -0.001050698340529236 -0.01437752638125329 0.012330011666375798
1.0 13.0 1.0 0.4720315146498725 0.3221933595758988 0.6233039510238519 3.583183371478789E-4 -0.012449396184019081 0.013147657558973931
1.0 14.0 1.0 0.4730943413258589 0.3258271269798708 0.6217413330397513 0.0017673350148249903 -0.012147947059994125 0.015591984524781312
1.0 15.0 1.0 0.47556618467952244 0.3331535323255857 0.6192318532037395 0.003176351692502105 -0.01315452798658744 0.019344341541206966
1.0 16.0 0.0 0.47944704471086314 0.3436340536347059 0.6163140334941551 0.00458536837017922 -0.014995165571117476 0.02393075521556935
1.0 17.0 0.5 0.4847369214198809 0.3562067297766832 0.6140498350415456 0.005994385047856331 -0.01732532763234002 0.02900669336662423
1.0 18.0 0.0 0.4914358148065757 0.3690573069396579 0.6142535116577718 0.00740340172553345 -0.01994551183596426 0.03437265366008081
1.0 19.0 0.0 0.49927392738705484 0.37920946990985277 0.6193756193572281 0.007733228467638794 -0.019920880547026742 0.03499076166345112
1.0 20.0 0.5 0.5066324742579604 0.38396689527592 0.6289579263549777 0.006983865274172366 -0.017191827155134894 0.030801410766342657
1.0 21.0 0.0 0.5132416579353994 0.3851976243955107 0.6406066320939856 0.006234502080705936 -0.014622073433217536 0.02677135953920869
1.0 22.0 1.0 0.5191014784193723 0.384868058498369 0.6523553353445106 0.005485138887239508 -0.012301218149221532 0.022990206749996012
1.0 23.0 0.5 0.5242119357098787 0.38433967463859564 0.6628425590524503 0.004735775693773085 -0.010381954168406553 0.01961064526396439
1.0 24.0 1.0 0.5285730298069184 0.38445348544373426 0.671227290590261 0.003986412500306657 -0.00911224830650413 0.016880641896845336
1.0 25.0 1.0 0.5321847607104919 0.3856682767342911 0.6770507441374372 0.003237049306840229 -0.008822049325270859 0.015130145410395432
1.0 26.0 1.0 0.5350471284205989 0.3881590414387778 0.6801379267654664 0.0024876861133738028 -0.00975998243249348 0.014607781012401412
1.0 27.0 1.0 0.5371601329372395 0.3918611646213153 0.6805534534102285 0.0017383229199073756 -0.01186972181560115 0.015257222890292441
1.0 28.0 0.0 0.5385237742604136 0.3964644639544617 0.6786075063991649 9.889597264409501E-4 -0.01484744920789151 0.016774652777366172
1.0 29.0 0.0 0.5391380523901215 0.40136069887023 0.6749083263002635 2.395965329745238E-4 -0.018381369757617363 0.018848275821875385
1.0 30.0 0.5 0.5390029673263628 0.4055525898520718 0.6704531926300712 -5.097666604919025E-4 -0.022257547364558088 0.021264155923599495
1.0 31.0 0.0 0.5381185190691375 0.4075638782735017 0.6667183640150742 -0.0012591298539583323 -0.02634772112652763 0.023894032180352354
1.0 32.0 0.0 0.536484707618446 0.40546774299839 0.6656306615914024 -0.002008493047424757 -0.030576618767950692 0.026662632316558812
1.0 33.0 0.5 0.5341015329742881 0.39721269261705106 0.6692415767687411 -0.0027578562408911832 -0.03489906882691438 0.02952478487030583
1.0 34.0 1.0 0.5309689951366637 0.38123847260775817 0.6791113640688173 -0.003507219434357608 -0.03928697485555092 0.032452393393725736
1.0 35.0 1.0 0.5270870941055729 0.35693850837722113 0.6958465980849209 -0.004256582627824041 -0.04372219140797708 0.03542731244093527
1.0 36.0 1.0 0.5224558298810156 0.3245571211465524 0.7192029575959393 -0.005005945821290464 -0.04819257967492508 0.03843740320266663
1.0 37.0 0.0 0.5170752024629919 0.2847384126271014 0.7485363408905236 -0.00575530901475689 -0.05268975818136969 0.04147428420389461
1.0 38.0 0.5 0.5109452118515018 0.2381601717557845 0.7831689590317572 -0.006504672208223313 -0.05720777564297394 0.04453200416028221
