1.0 1.0 1.0 0.5247975708502025 0.29611276426725663 0.7522107071331378 -0.003421690921690913 -0.03185072055171167 0.02518281003764733
1.0 2.0 0.0 0.5214875806981071 0.31615625422071997 0.7257169799602065 -0.0031982893824999007 -0.030195447994371988 0.023962884069500395
1.0 3.0 0.0 0.5184009920852026 0.3342331504480834 0.7016251931025677 -0.0029748878433088896 -0.028546150098966303 0.022748932763287454
1.0 4.0 1.0 0.5155378050114893 0.3501922187536062 0.6800865807559625 -0.002751486304117877 -0.026903886231890467 0.02154201548540433
1.0 5.0 1.0 0.5128980194769669 0.36386661265144377 0.6612679894062355 -0.002528084764926865 -0.025269974544550176 0.02034345038725677
1.0 6.0 0.5 0.5104816354816355 0.37509300578519283 0.6453327454097891 -0.002304683225735852 -0.023646073289481984 0.01915489572138134
1.0 7.0 1.0 0.5082886530254952 0.38374780885190585 0.632404438069572 -0.0020812816865448396 -0.022034293447368215 0.017978462468460313
1.0 8.0 0.0 0.5063190721085458 0.38979910644573584 0.6225149827914302 -0.0018578801473538263 -0.020437356820732635 0.016816872431017475
1.0 9.0 0.0 0.5045728927307875 0.39335909625328563 0.6155521818887616 -0.001634478608162814 -0.018858820894800517 0.015673683094278097
1.0 10.0 0.0 0.5030501148922202 0.3947092256204956 0.6112345880156256 -0.0014110770689718015 -0.017303402596442422 0.01455361138511274
1.0 11.0 0.0 0.5017507385928439 0.3942765671724376 0.6091351285469502 -0.0011876755297807887 -0.01577744906493386 0.013463004442796923
1.0 12.0 1.0 0.5006747638326586 0.3925682881826211 0.6087466362092265 -9.642739905897776E-4 -0.014289625573425087 0.012410527540480904
1.0 13.0 1.0 0.4998221906116644 0.3900957776675539 0.6095577219859458 -7.408724513987656E-4 -0.012851915960120771 0.011408164516369326
1.0 14.0 1.0 0.4991930189298611 0.38731804291079164 0.6111093785935526 -5.17470912207752E-4 -0.011481042894793465 0.01047263804023477
1.0 15.0 1.0 0.49878724878724884 0.3846141783131739 0.6130225116312081 -2.9406937301674E-4 -0.010200357630288764 0.009627299364922808
1.0 16.0 0.0 0.4986048801838276 0.38227863652227384 0.615002668451339 -7.066783382572717E-5 -0.00904197027363791 0.008904258597464689
1.0 17.0 0.5 0.4986459131195974 0.38052852762541195 0.6168327389666237 1.5273370536528566E-4 -0.008048095879004475 0.008345730792023998
1.0 18.0 0.0 0.4989103475945582 0.379514615357162 0.6183619594424892 3.761352445562976E-4 -0.007269071582424819 0.008002053084637086
1.0 19.0 0.0 0.49939818360871 0.3793314090375313 0.6194958205589288 5.995367837473078E-4 -0.006754368125748099 0.007922696217153125
1.0 20.0 0.5 0.5001094211620528 0.38002437329927313 0.6201888576831885 8.229383229383215E-4 -0.006536153875045284 0.00813982855564304
1.0 21.0 0.0 0.5010440602545867 0.3815936072605658 0.6204409716970901 0.0010463398621293335 -0.006614491859497464 0.008653513129287948
1.0 22.0 1.0 0.5022021008863115 0.3839938499292517 0.6202974235927907 0.0012697414013203463 -0.006957307601725768 0.00943167546070901
1.0 23.0 0.5 0.5035835430572273 0.3871308110325577 0.6198525036430645 0.0014931429405113592 -0.007515159899020882 0.010424874347196869
1.0 24.0 1.0 0.5051883867673342 0.39085396818003193 0.6192567342383629 0.001716544479702372 -0.008237693559781913 0.011582754597150649
1.0 25.0 1.0 0.507016632016632 0.39494647424045853 0.6187269625099012 0.001939946018893383 -0.009082657880226245 0.012863065506787702
1.0 26.0 1.0 0.509068278805121 0.3991141449645015 0.6185573727070162 0.002163347558084396 -0.010017908003493056 0.014233662219247253
1.0 27.0 1.0 0.511343327132801 0.40297811738953465 0.6191268277923334 0.0023867490972754087 -0.011020065122945085 0.015671165927892042
1.0 28.0 0.0 0.5138417769996718 0.4060795032579239 0.6208942160234876 0.0026101506364664216 -0.012072386495472015 0.01715883388961169
1.0 29.0 0.0 0.5165636284057338 0.4079068257062674 0.6243710142638801 0.0028335521756574326 -0.013162874144947346 0.018684668128279777
1.0 30.0 0.5 0.5195088813509867 0.4079525614433454 0.6300647458047309 0.0030569537148484455 -0.014282852930987912 0.020239993503513076
1.0 31.0 0.0 0.5226775358354306 0.4057890570136613 0.6384030641015369 0.0032803552540394566 -0.01542596880440008 0.021818455966118002
1.0 32.0 0.0 0.5260695918590655 0.4011342231903819 0.6496680583811302 0.003503756793230471 -0.016587499952390377 0.023415333703301042
1.0 33.0 0.5 0.5296850494218915 0.3938753531860563 0.6639724354309628 0.003727158332421484 -0.017763885391001787 0.025027065731105202
1.0 34.0 1.0 0.5335239085239085 0.38404408992095523 0.6812845523307639 0.003950559871612497 -0.018952400777440016 0.026650927706736167
1.0 35.0 1.0 0.5375861691651165 0.37176396875774625 0.7014808737178654 0.004173961410803506 -0.02015093326057921 0.028284806779068094
1.0 36.0 1.0 0.5418718313455155 0.35719839845783335 0.7243979908308635 0.004397362949994519 -0.021357823191623663 0.029927043299305282
1.0 37.0 0.0 0.5463808950651056 0.3405143636530627 0.749868919037912 0.004620764489185532 -0.02257175136310892 0.031576318059983295
1.0 38.0 0.5 0.5511133603238866 0.3218632412835597 0.7777422813988859 0.004844166028376543 -0.02379165759991625 0.033231570885983365
