1.0 1.0 0.5 0.5581983805668013 0.3288090419371714 0.7846031868596722 0.016132782580151054 -0.012688553895164545 0.04412679687186906
1.0 2.0 0.0 0.5738729620308565 0.36750337749986256 0.7764541895346275 0.015216380347959345 -0.012150664856029012 0.04180309835461636
1.0 3.0 0.5 0.58863114126272 0.40317440629130624 0.7695426895027123 0.014299978115767636 -0.011618764455066112 0.03948538847553627
1.0 4.0 1.0 0.6024729182623917 0.43567702063705116 0.7640137944383788 0.013383575883575926 -0.01109391335978951 0.037174727902142525
1.0 5.0 1.0 0.6153982930298718 0.4648475242737452 0.7600312006049791 0.012467173651384219 -0.010577430977941364 0.034872436042177185
1.0 6.0 1.0 0.6274072655651602 0.49051939795757693 0.7577614272463256 0.01155077141919251 -0.010070976615233377 0.032580172201352044
1.0 7.0 1.0 0.6384998358682569 0.5125557216156379 0.7573413944353242 0.0106343691870008 -0.009576661811416656 0.030300047919418135
1.0 8.0 1.0 0.6486760039391619 0.530899256613053 0.7588283408068522 0.009717966954809093 -0.009097207907282726 0.02803478453716705
1.0 9.0 0.5 0.657935769777875 0.5456281946681591 0.7621440746425717 0.008801564722617384 -0.008636169956356396 0.025787937108123573
1.0 10.0 0.0 0.6662791333843966 0.5569904438079069 0.7670406879155324 0.007885162490425675 -0.008198258771069165 0.02356421644471915
1.0 11.0 1.0 0.6737060947587264 0.5653902721289283 0.7731139125291024 0.0069687602582339655 -0.007789808590676563 0.021369956786209388
1.0 12.0 0.5 0.6802166539008645 0.5713274845595021 0.7798639435550029 0.006052358026042258 -0.007419459364351072 0.01921379808176673
1.0 13.0 0.0 0.6858108108108109 0.5753188892779957 0.7867739728148664 0.005135955793850549 -0.007099146964507784 0.017107676203806235
1.0 14.0 0.0 0.6904885654885656 0.5778354823917292 0.7933730042013724 0.00421955356165884 -0.006845505250088181 0.015068225011269485
1.0 15.0 1.0 0.6942499179341285 0.5792695014316361 0.7992688001835879 0.0033031513294671314 -0.006681724912231401 0.013118635195295523
1.0 16.0 0.5 0.6970948681474999 0.5799267200269163 0.8041555871323139 0.0023867490972754226 -0.00663963709086189 0.01129073789580884
1.0 17.0 1.0 0.6990234161286795 0.5800327679453161 0.8078077352798023 0.001470346865083714 -0.006761007891199708 0.009626299218029497
1.0 18.0 0.5 0.7000355618776674 0.5797441891373488 0.8100687006755406 5.539446328920051E-4 -0.007095550847679054 0.008175032696391669
1.0 19.0 1.0 0.7001313053944636 0.5791589374101124 0.810840529512431 -3.62457599299703E-4 -0.007692084198780843 0.006985756569376299
1.0 20.0 1.0 0.699310646679068 0.5783239774563053 0.8100762570977752 -0.0012788598314914122 -0.008582428308588026 0.006090291201066306
1.0 21.0 0.0 0.6975735857314806 0.577239206628134 0.8077759860793661 -0.0021952620636831203 -0.00976687907286959 0.005488932487230674
1.0 22.0 1.0 0.6949201225517018 0.5758575222821614 0.8039868191006412 -0.0031116642958748295 -0.011214057986820816 0.00515030192306474
1.0 23.0 1.0 0.691350257139731 0.5740810520245154 0.7988066285554729 -0.004028066528066538 -0.012875287847717659 0.0050257223058444295
1.0 24.0 1.0 0.6868639894955686 0.5717537554587904 0.7923914548402662 -0.0049444687602582475 -0.014700772227459172 0.005065397207468764
1.0 25.0 1.0 0.6814613196192145 0.5686512060831271 0.7849657244568804 -0.005860870992449956 -0.01664857817080041 0.005227393672692821
1.0 26.0 0.5 0.6751422475106686 0.5644698730197496 0.7768329682830918 -0.006777273224641663 -0.018686710906799534 0.005479716930574788
1.0 27.0 1.0 0.6679067731699312 0.5588210953031013 0.7683818472844567 -0.007693675456833373 -0.020791849492246547 0.005799046037904662
1.0 28.0 1.0 0.659754896597002 0.5512387640143751 0.7600784703797825 -0.00861007768902508 -0.022947264909350045 0.006168651976890941
1.0 29.0 1.0 0.650686617791881 0.5412115314897246 0.7524341852329153 -0.00952647992121679 -0.025140954121360106 0.006576531710783864
1.0 30.0 0.0 0.6407019367545684 0.5282440051406787 0.745944384432326 -0.010442882153408498 -0.027364230226739932 0.00701399833804648
1.0 31.0 0.0 0.6298008534850641 0.5119333852731094 0.7410118676721436 -0.011359284385600209 -0.029610726064146158 0.007474684697335539
1.0 32.0 0.0 0.617983367983368 0.4920294214302236 0.7378868854091598 -0.012275686617791916 -0.03187570751892197 0.007953856673994222
1.0 33.0 0.5 0.6052494802494801 0.46844868848062615 0.7366528627747712 -0.013192088849983626 -0.03415560283777011 0.008447942514725179
1.0 34.0 1.0 0.5915991902834007 0.4412422886613784 0.7372586975319156 -0.014108491082175333 -0.036447678547053664 0.00895420874589153
1.0 35.0 0.5 0.5770324980851296 0.410541800395402 0.7395728112576709 -0.01502489331436704 -0.03874981416863854 0.009470534889359313
1.0 36.0 1.0 0.5615494036546665 0.3765099327832912 0.743432494851444 -0.01594129554655875 -0.041060343721491636 0.009995254964095191
1.0 37.0 0.5 0.545149906992012 0.3393080628588985 0.7486763712793816 -0.016857697778750458 -0.043377942747136064 0.010527044511622457
1.0 38.0 0.5 0.5278340080971657 0.2990800983257266 0.7551605328379815 -0.01777410001094217 -0.04570154670903349 0.011064838995402754
