100.0 0.1 40.0 0.4147058799424667 0.37858755444058423 0.4508830086984394 -0.13652989554691355 -0.274089985601788 0.0011243205993422478
100.0 0.2 40.0 0.40266947503001643 0.37648092215931844 0.4289251292622935 -0.10419820270209347 -0.22112437410812513 0.012799804762334346
100.0 0.3 40.0 0.393866239402048 0.373801105887587 0.4140045433822784 -0.07186650985727333 -0.16842546796182858 0.0247419942726922
100.0 0.4 40.0 0.38829617305856173 0.3702917316610149 0.40637762502276953 -0.039534817012453205 -0.1162061864986169 0.03716380846613563
100.0 0.5 40.0 0.38595927599955737 0.3673285479637545 0.40466862569961476 -0.007203124167633135 -0.06496434546730567 0.050563063091479614
100.0 0.6 40.0 0.386855548225035 0.3669740060204599 0.4068150941881594 0.02512856867718688 -0.01606974249800912 0.06630955577883813
100.0 0.7 40.0 0.3909849897349948 0.3705013754397798 0.4115437608797552 0.05746026152200712 0.02644991024828646 0.0884309986891975
100.0 0.8 40.0 0.3983476005294365 0.37839867311025355 0.4183666088858626 0.08979195436682713 0.056173423687145355 0.1233485809069935
100.0 0.9 40.0 0.4089433806083602 0.39062869845578446 0.4273208387825783 0.12212364721164731 0.07518035596640023 0.16898274428439353
100.0 1.0 40.0 0.42277232997176595 0.40652242800225785 0.4390754740440169 0.15445534005646738 0.08978628285350156 0.21901791305394777
100.0 1.1 42.0 0.43821786397741275 0.42268806785336416 0.4537902537836558 0.1544553400564675 0.10094556558780103 0.20785863031964827
100.0 1.2 44.0 0.45366339798305944 0.43740452217492765 0.46995421905283685 0.15445534005646763 0.11159089911515357 0.19721329679229616
100.0 1.3 46.0 0.4691089319887063 0.4517045370170488 0.48653462380146084 0.1544553400564678 0.1212238333624878 0.18758036254496216
100.0 1.4 48.0 0.48455446599435303 0.46625362782159685 0.5028659525876576 0.15445534005646794 0.12868058286498255 0.18012361304246785
100.0 1.5 50.0 0.49999999999999983 0.4813669594765007 0.518633040523499 0.15445534005646808 0.13170416770626656 0.17710002820118423
100.0 1.6 52.0 0.5154455340056467 0.4971340474123427 0.533746372178402 0.15445534005646822 0.1286805828649829 0.1801236130424682
100.0 1.7 54.0 0.5308910680112935 0.5134653761985396 0.5482954629829501 0.15445534005646833 0.12122383336248857 0.1875803625449629
100.0 1.8 56.0 0.5463366020169403 0.5300457809471671 0.5625954778250679 0.1544553400564685 0.11159089911515455 0.1972132967922971
100.0 1.9 58.0 0.5617821360225872 0.546209746216347 0.5773119321466332 0.15445534005646866 0.10094556558780246 0.2078586303196498
100.0 2.0 60.0 0.577227670028234 0.5609245259559841 0.5934775719977414 0.15445534005646877 0.08978628285350314 0.21901791305394938
100.0 2.1 60.0 0.5910566193916399 0.5726791612174228 0.609371301544215 0.12212364721164823 0.07518035596640156 0.1689827442843948
100.0 2.2 60.0 0.6016523994705637 0.5816333911141405 0.621601326889744 0.08979195436682773 0.05617342368714595 0.12334858090699405
100.0 2.3 60.0 0.6090150102650054 0.5884562391202459 0.6294986245602199 0.05746026152200728 0.0264499102482867 0.08843099868919771
100.0 2.4 60.0 0.6131444517749651 0.5931849058118416 0.6330259939795397 0.025128568677186797 -0.01606974249800964 0.0663095557788375
100.0 2.5 60.0 0.6140407240004429 0.595331374300385 0.6326714520362466 -0.007203124167633745 -0.06496434546730663 0.05056306309147862
100.0 2.6 60.0 0.6117038269414384 0.5936223749772301 0.6297082683389862 -0.039534817012454315 -0.11620618649861823 0.03716380846613435
100.0 2.7 60.0 0.606133760597952 0.5859954566177223 0.6261988941124124 -0.07186650985727477 -0.16842546796183042 0.024741994272690325
100.0 2.8 60.0 0.5973305249699835 0.571074870737707 0.6235190778406811 -0.10419820270209523 -0.22112437410812727 0.012799804762332114
100.0 2.9 60.0 0.585294120057533 0.5491169913015613 0.6214124455594142 -0.13652989554691575 -0.2740899856017913 0.001124320599338843
0.0 0.85 0.0 0.4032413444083381 0.3839945924105296 0.42255480351100155 0.10595780078923722 0.06653932471247133 0.1453032277099951
0.0 0.95 0.0 0.41545370912950286 0.3981972429725098 0.4327684629741009 0.1382894936340573 0.08279385594383125 0.19368979213529014
0.0 1.05 0.0 0.4304950969745894 0.4148553764741755 0.44618273536747194 0.1544553400564675 0.09541225025437754 0.21339194565307154
0.0 1.15 0.0 0.44594063098023606 0.4301568732433311 0.46176165818906123 0.15445534005646758 0.10635420805149398 0.20244998785595547
0.0 1.85 0.0 0.5540593690197637 0.5382383418109414 0.5698431267566664 0.15445534005646855 0.10635420805149487 0.20244998785595636
0.0 1.95 0.0 0.5695049030254106 0.553817264632529 0.5851446235258237 0.1544553400564686 0.09541225025437933 0.21339194565307334
0.0 2.05 0.0 0.5845462908704973 0.5672315370259008 0.6018027570274886 0.13828949363405862 0.08279385594383269 0.19368979213529167
0.0 2.15 0.0 0.5967586555916621 0.5774451964889995 0.6160054075894701 0.10595780078923803 0.06653932471247223 0.14530322770999604
