1.0 1.0 0.5 0.8491902834008096 0.26235698416491143 1.332212586198647 -0.07047178757705072 -0.1239300850983101 0.0039371114841368566
1.0 2.0 1.0 0.7805832147937412 0.2559595146078294 1.2217921566196692 -0.06674234963708647 -0.11755619396210276 0.003913369304156066
1.0 3.0 1.0 0.7157055841266368 0.24800249473225386 1.1192814263154114 -0.06301291169712221 -0.11119766229158697 0.0039049865898667688
1.0 4.0 0.5 0.6545573913994968 0.23821464411653104 1.0249516757075272 -0.05928347375715795 -0.10485718733324613 0.003914660587752565
1.0 5.0 0.5 0.5971386366123208 0.22630592987247072 0.9390929376842073 -0.0555540358171937 -0.09853811548302539 0.00394573769375833
1.0 6.0 1.0 0.5434493197651092 0.21200142180003087 0.8619801424454936 -0.05182459787722944 -0.09224464183545102 0.0040024130024105065
1.0 7.0 0.5 0.49348944085786195 0.19510044477203584 0.7938139651185611 -0.04809515993726519 -0.08598208413956364 0.0040900042627496315
1.0 8.0 0.5 0.4472589998905789 0.17555872227920305 0.7346386822126936 -0.04436572199730094 -0.07975726320889265 0.004215332288305207
1.0 9.0 0.5 0.40475799686326 0.15357344222628774 0.6842571058231346 -0.040636284057336686 -0.07357903676695501 0.004387254802594143
1.0 10.0 0.0 0.3659864317759055 0.1296335483945249 0.6421802921686498 -0.03690684611737243 -0.06745905518491127 0.004617422176776929
1.0 11.0 0.0 0.3309443046285152 0.10450045547349204 0.6076468265596615 -0.03317740817740818 -0.0614128367804768 0.004921352728569032
1.0 12.0 0.0 0.2996316154210891 0.07911707043068165 0.5797138020286775 -0.029447970237443916 -0.05546129500090633 0.005319959905225076
1.0 13.0 0.5 0.27204836415362743 0.05448200061578735 0.5573826112260035 -0.02571853229747966 -0.04963287546768542 0.005841689328230714
1.0 14.0 0.5 0.24819455082612982 0.03153702131446793 0.5397114788659818 -0.021989094357515403 -0.043966428516879846 0.0065253913336517115
1.0 15.0 0.0 0.22807017543859653 0.011095735194880524 0.5258868022804541 -0.01825965641755115 -0.038514720035538644 0.007423831808537013
1.0 16.0 0.5 0.21167523799102753 -0.006185593385167618 0.5152523171116141 -0.014530218477586902 -0.03334778225249299 0.008607042981717928
1.0 17.0 0.5 0.19900973848342277 -0.01980866929541664 0.5073097282292014 -0.010800780537622647 -0.028553719140940886 0.010163128826392353
1.0 18.0 0.0 0.19007367691578222 -0.029420373078170525 0.50170591617552 -0.007071342597658393 -0.024232245647626667 0.012191804289304704
1.0 19.0 0.0 0.184867053288106 -0.034797245832504535 0.4982174220496451 -0.003341904657694128 -0.020475791766940955 0.01478549936484553
1.0 20.0 0.0 0.18338986760039394 -0.03583319914259825 0.4967381574357566 3.875332822701229E-4 -0.017340216260707732 0.01800007281483885
1.0 21.0 0.0 0.18564211985264617 -0.032533201923912076 0.497273091249315 0.004116971222234381 -0.01482150504633542 0.021831510556693082
1.0 22.0 0.0 0.19162381004486267 -0.025013959074121805 0.4999389283879956 0.007846409162198632 -0.012857586488597502 0.026217740955181704
1.0 23.0 0.0 0.2013349381770435 -0.013511602830688052 0.5049718010892592 0.011575847102162886 -0.01135362605907999 0.03106392948189073
1.0 24.0 1.0 0.21477550424918848 0.001604631831529084 0.5127409443279662 0.01530528504212714 -0.010210615891256781 0.03627106827029409
1.0 25.0 0.0 0.23194550826129776 0.019815702900270654 0.5237654001163754 0.019034722982091395 -0.009342571299065523 0.04175317263432937
1.0 26.0 1.0 0.2528449502133713 0.040439542153786374 0.5387272366762367 0.022764160922055653 -0.008681758036311783 0.04744250832780217
1.0 27.0 0.0 0.27747383010540905 0.0626330732456439 0.5584695303539826 0.02649359886201991 -0.008177357126026191 0.05328825637374313
1.0 28.0 0.0 0.3058321479374111 0.08542582922394641 0.5839627481015104 0.030223036801984165 -0.007792006202608845 0.05925305440655232
1.0 29.0 0.5 0.3379199037093774 0.10779911082323929 0.6162255891842743 0.033952474741948416 -0.007498346269543671 0.0653095434297137
1.0 30.0 0.5 0.3737370974213079 0.1288073101594724 0.6562036614863246 0.03768191268191268 -0.007276243722789571 0.07143758983918615
1.0 31.0 0.5 0.41328372907320277 0.14770826813068022 0.7046391241096265 0.041411350621876925 -0.007110738413008292 0.07762223348563141
1.0 32.0 0.0 0.4565597986650618 0.16405038094556068 0.7619835808454823 0.045140788561841186 -0.006990581532578692 0.08385222556142835
1.0 33.0 0.5 0.5035653061968852 0.1776810992752823 0.8283895810227238 0.04887022650180543 -0.006907206932857043 0.09011899991793326
1.0 34.0 1.0 0.5543002516686728 0.18868533735387882 0.9037722104073167 0.052599664441769695 -0.006854007900690714 0.09641594984199348
1.0 35.0 0.0 0.6087646350804244 0.19729390713716324 0.9879006570434484 0.05632910238173394 -0.00682582579914287 0.10273791669667216
1.0 36.0 1.0 0.6669584564321406 0.20380038419747482 1.0804813453587794 0.0600585403216982 -0.006818585224211536 0.10908082507796736
1.0 37.0 1.0 0.728881715723821 0.20850418915602628 1.181214854732097 0.06378797826166245 -0.00682903089165433 0.11544141970163672
1.0 38.0 0.5 0.7945344129554656 0.2116797901053341 1.289826717070885 0.06751741620162671 -0.006854535707671596 0.12181707347388052
