0.18051775493112165
0.18111934092309578
0.18172092002855011
0.18232246875518476
0.18292396959094293
0.18352539759241593
0.18412672214850823
0.18472791774650477
0.1853289541050534
0.1859297958138062
0.18653040915704922
0.1871307688613183
0.18773084604272422
0.18833060314865835
0.18893000772234902
0.18952902555682882
0.1901276231198441
0.1907257715541517
0.1913234412499223
0.1919205966048731
0.19251719314566207
0.19311319590367138
0.19370857291408994
0.19430329743623231
0.1948973265373486
0.1954906253427654
0.19608315385783753
0.19667487682010643
0.19726575630753862
0.1978557502538968
0.19844482971886873
0.1990329663867832
0.1996201364194271
0.2002063190237272
0.20079149948943587
0.20137566555373476
0.20195880301422053
0.20254089979242673
0.2031219504294247
0.20370194382451212
0.2042808572415848
0.20485867448363337
0.2054353786226667
0.20601096422126441
0.20658542410313513
0.20715874279934238
0.2077309042395355
0.2083018901832414
0.20887167517029898
0.20944023270999934
0.21000753316405846
0.21057354087932734
0.21113821838725916
0.21170153944455933
0.21226347804228735
0.2128240166535999
0.2133831522862309
0.21394087594545924
0.21449719138571438
0.21505209738152548
0.21560559824845005
0.21615770173685284
0.21670841823948594
0.21725776655623674
0.21780576557084275
0.21835243376219204
0.2188977918925752
0.2194418664520177
0.21998469132069542
0.22052630364000936
0.22106673499717344
0.22160602228418314
0.22214421307364984
0.22268134958723224
0.22321746188621705
0.22375257160212958
0.224286709818597
0.2248199098069828
0.22535219454517788
0.22588358103044714
0.22641407366952165
0.22694367137299584
0.22747237328638792
0.22800018073016945
0.22852710302557044
0.2290531485992255
0.2295783244229076
0.2301026442282989
0.23062612723101936
0.23114878388144672
0.23167062512358585
0.23219167625388115
0.23271195873192546
0.23323147883071974
0.23375024252921553
0.234268248875153
0.2347855045300381
0.23530201874365714
0.2358178089941721
0.23633288479955727
0.23684726379431947
0.23736096909215215
0.23787401619496756
0.23838642884416197
0.238898242826373
0.23940948821978136
0.23992019603042933
0.24043039543780897
0.24094010748829192
0.24144935001548065
0.24195813781674808
0.2424664829995703
0.24297439946953295
0.2434819047574271
0.24398902753247298
0.24449578712077114
0.24500220018874308
0.24550827607521333
0.24601402658063776
0.2465194633356937
0.24702460120467246
0.24752945079223967
0.24803402910266958
0.24853834944465916
0.2490424267821646
0.24954627397900717
0.2500499133156754
0.25055337001758904
0.25105667229881534
0.2515598457186182
0.2520629182454612
0.252565911884096
0.2530688618432603
0.25357180830760273
0.25407479173312625
0.25457785346895995
0.25508103369091084
0.2555843825600637
0.25608795199385703
0.25659178257916315
0.25709591589393116
0.25760039319239014
0.25810524657928
0.2586105055237043
0.25911619218516385
0.2596223330915524
0.26012895660493607
0.2606360941508489
0.26114377106679254
0.2616520002890621
0.26216080530408664
0.2626702119473607
0.26318023012707165
0.2636908707863549
0.26420215298248073
0.26471409620250996
0.26522672103413986
0.265740050366604
0.2662540996390127
0.2667688726841009
0.26728437938956645
0.26780062504506297
0.2683176135200196
0.268835350115924
0.2693538319278934
0.2698730535701454
0.27039300672676125
0.27091367430198354
0.27143503272748093
0.27195705033517065
0.27247970147220585
0.27300295822083376
0.2735267951888709
0.27405118882096413
0.2745761164994613
0.275101552648298
0.27562747234079643
0.2761538534628909
0.27668068070941726
0.2772079383719631
0.27773561041279793
0.278263672954464
0.27879210527604686
0.27932088446580094
0.2798499802796991
0.28037938065046714
0.2809090860454257
0.28143910691945095
0.28196944938541607
0.2825001190254443
0.28303112319642876
0.2835624791705687
0.2840942029811303
0.28462630276050754
0.28515879709285763
0.28569170620244594
0.2862250469634741
0.28675883217401515
0.28729308047073465
0.28782781144566083
0.28836302654569673
0.2888987300590188
0.289434929909844
0.28997164574426904
0.2905088983295745
0.29104671938279303
0.2915851460961072
0.29212422080559886
0.29266398518240083
0.2932044893818479
0.2937457736433506
0.2942878795997405
0.2948308486816955
0.2953747174558228
0.2959195313164989
0.2964653397288069
0.29701219225649
0.2975601452401585
0.29810925774642677
0.2986595810788246
0.29921116687394433
0.2997640615564017
0.3003182988822608
0.30087391421693854
0.3014309431101272
0.30198941744306923
0.30254937590693937
0.30311085208327315
0.30367388533051576
0.3042385103515627
0.30480477025645636
0.3053727038991344
0.30594235998678215
0.3065137907381662
0.3070870500624024
0.30766218845616944
0.30823925477189906
0.3088182964257252
0.3093993652097514
0.30998250994179893
0.3105677774744806
0.3111552199865499
0.31174486686836156
0.312336747468707
0.312930908747661
0.3135273931124942
0.3141262357098991
0.31472747341921303
0.31533114402198437
0.31593727347841094
0.316545886169479
0.31715699942990433
0.31777062213457075
0.31838676741018657
0.3190054515560754
0.31962669046201275
0.32025049614879975
0.3208768877268255
0.3215058794548806
0.32213749082792237
0.32277173734046466
0.3234086270601871
0.32404816794211694
0.32469035847328886
0.3253352025908525
0.3259827080088835
0.3266328840129958
0.3272857262648018
0.32794123380851986
0.3285994019146494
0.32926022483160877
0.32992369388056986
0.33058980095100815
0.3312585467142037
0.3319299336598714
0.33260396234956613
0.33328063114512435
0.3339599348844948
0.33464186732289414
0.3353264105330167
0.3360135496219089
0.3367032754793705
0.3373955777642845
0.33809044560879215
0.3387878636424793
0.3394878097314758
0.34019024611465765
0.3408951266991097
0.34160241124347596
0.3423120660262167
0.3430240604165884
0.3437383546186638
0.3444549086155759
0.34517368609463506
0.3458946417739524
0.3466177261361526
0.3473428869803473
0.3480700695326029
0.3487992138584487
0.34953025804878823
0.3502631379797754
0.3509977865026593
0.35173414029593153
0.35247214313361497
0.3532117473813943
0.35395291411035434
0.35469560141467105
0.35543975536731554
0.35618532449410056
0.35693226282095747
0.3576805283096503
0.35843009078806926
0.35918092095111087
0.35993299170356274
0.3606862795243221
0.36144075045507873
0.3621963734941102
0.3629531252027971
0.3637109773271756
0.36446991209897533
0.3652299202416841
0.3659910006438722
0.3667531444903105
0.36751633957488183
0.3682805762625546
0.3690458509289452
0.36981215779485865
0.37057948089265635
0.37134779446757005
0.37211705693740854
0.3728872205475681
0.3736582424957355
0.37443008121501625
0.37520269319656424
0.375976036848697
0.3767500733722826
0.37752476155175974
0.378300052189684
0.3790758975841099
0.379852244292746
0.3806290342198297
0.38140620221841504
0.382183691216363
0.38296144414595146
0.38373941090726515
0.3845175462641898
0.3852958027550991
0.3860741337773767
0.38685249225667234
0.3876308336278917
0.3884091086887911
0.38918726507736306
0.3899652482878077
0.3907430062312911
0.3915204860711701
0.3922976439307125
0.39307443628763594
0.3938508284869757
0.39462679153249663
0.395402302139613
0.3961773356738898
0.39695187241704116
0.3977259011765093
0.3984994186971591
0.3992724265416
0.40004491459748526
0.40081687207984784
0.40158828728680535
0.402359141030718
0.40312941280139425
0.40389907825839144
0.40466812617772013
0.40543655367444426
0.4062043544577234
0.40697152065399156
0.4077380447888111
0.40850392052768275
0.4092691381657956
0.4100336953263717
0.41079758424728663
0.41156078317244155
0.4123232661623679
0.4130850088802292
0.4138459818487194
0.41460615445061333
0.41536549769281844
0.4161239808022528
0.41688156962412565
0.4176382264311963
0.4183939212427184
0.4191486143701293
0.4199022748083338
0.4206548630890079
0.4214063330216906
0.42215664033886374
0.4229057330472844
0.423653553405414
0.4244000470696887
0.4251451528848367
0.42588879692320364
0.42663090470308096
0.4273714074651964
0.42811024121774605
0.42884734474626174
0.4295826654118542
0.4303161504987235
0.431047745734225
0.4317773865372836
0.43250501218331233
0.4332305522111702
0.43395393090157425
0.43467507886657564
0.435393928324763
0.43611041703203995
0.4368244718731594
0.43753601441213297
0.4382449660265635
0.4389512555029685
0.4396548082249896
0.440355544919943
0.4410533904052015
0.44174828324762755
0.4424401677265517
0.44312899622791824
0.4438147259474738
0.44449732283068366
0.4451767467896893
0.4458529592056188
0.4465259225170178
0.4471956100367253
0.447861998004774
0.44852506258902936
0.44918477590002237
0.44984110436980546
0.4504940155892746
0.45114346515768683
0.45178940840511894
0.45243180408149714
0.4530706028752113
0.4537057575954473
0.4543372222927621
0.4549649501308567
0.4555888896782982
0.45620898906293905
0.45682518544339934
0.45743743440450113
0.4580456858355315
0.4586498800481562
0.4592499581924942
0.45984586672972083
0.46043755347110005
0.4610249678473203
0.46160806098918195
0.4621867885444049
0.46276110458467823
0.4633309591442286
0.46389629397410387
0.46445704308300756
0.46501314442197283
0.46556453352350197
0.4661111336025215
0.4666528633842438
0.46718965685950536
0.4677214521136127
0.4682481916904152
0.4687698245590392
0.4692863086126904
0.46979760451533137
0.47030367735686907
0.4708045021385357
0.4713000538046768
0.47179030853430354
0.47227524086091105
0.472754829295616
0.4732290599285232
0.4736979121360532
0.47416136065672043
0.4746193869022834
0.47507198184504756
0.4755191427381125
0.475960865667136
0.4763971505145376
0.47682799539957826
0.4772533848671802
0.47767330517257406
0.47808774403542753
0.47849669832555414
0.478900169033366
0.47929817030522043
0.47969071754650594
0.48007782540869687
0.4804595053897915
0.48083578054143705
0.4812066681368564
0.4815721823341709
0.4819323338569155
0.48228713653342664
0.48263660007318177
0.4829807312430793
0.4833195323123163
0.4836530023196671
0.48398113242293456
0.4843039105294147
0.4846213172724332
0.484933339740799
0.48523996250609247
0.48554117134267033
0.48583695789462994
0.4861273003348159
0.4864121734601411
0.4866915433589696
0.4869653636558634
0.48723358073047435
0.4874961359922634
0.4877529717185206
0.48800402469376863
0.48824923388616576
0.48848853024582684
0.4887218441732497
0.48894909917611784
0.48917022733538296
0.4893851608875791
0.4895938271649232
0.48979615027682316
0.4899920560563019
0.49018147071811935
0.49036432655529577
0.4905405465033001
0.49071004620858794
0.4908727371207904
0.49102853185778905
0.4911773429460714
0.4913190783805823
0.491453654034174
0.4915809777091656
0.491700953124146
0.491813486210838
0.49191847498671404
0.4920158098663827
0.49210537722031694
0.4921870654866384
0.49226076316214445
0.4923263733681868
0.49238379447683467
0.49243292365697366
0.49247366479547616
0.4925059291722075
0.4925296277123089
0.4925446723640424
0.4925509851079256
0.49254849146253105
0.4925371267248849
0.4925168243311524
0.4924875263403742
0.49244918302360097
0.49240174290178795
0.4923451621188115
0.49227939707270607
0.4922044159433572
0.4921201821929658
0.49202666541608836
0.49192382944301527
0.4918116392386115
0.4916900482625468
0.4915590166153351
0.491418512621308
0.4912685096597802
0.4911089839118912
0.4909399129164062
0.490761271294861
0.4905730295148202
0.4903751826976799
0.49016772932691716
0.4899506726888541
0.4897240123380227
0.48948774507197723
0.489241867902225
0.48898638306822007
0.4887213102401146
0.4884466564733819
0.4881624295926427
0.4878686361769417
0.48756527528500787
0.4872523508216242
0.48692986429481083
0.48659782143356056
0.4862562338230097
0.48590509805666104
0.48554441309196417
0.4851741590746509
0.4847943241337326
0.48440490467682784
0.4840058879623836
0.4835972756482677
0.4831790575896499
0.48275122838898166
0.4823137885698243
0.4818667503878439
0.4814101229880543
0.4809439072589625
0.4804681123432366
0.4799827527744285
0.4794878515100811
0.4789834299057433
0.4784695097103774
0.47794611258396147
0.47741326221824615
0.47687098086556406
0.4763192847694503
0.4757581932790751
0.475187722461141
0.47460789367098677
0.4740187323271713
0.4734202627957968
0.47281250269913055
0.472195462130767
0.4715691456432932
0.4709335615518672
0.47028872240192643
0.4696346561539477
0.4689713931425118
0.4682989660543677
0.4676174109456213
0.4669267502202793
0.46622701022589574
0.46551822504103846
0.46480042408853983
0.46407362667514535
0.46333786195698634
0.46259315810399665
0.4618395301348493
0.46107699161302057
0.46030554626399445
0.4595252021603905
0.4587359719082388
0.45793787651021706
0.4571309437963851
0.45631520608118614
0.4554906950427939
0.45465744265036084
0.4538154863920641
0.4529648625098789
0.45210560145106116
0.4512377354382571
0.450361294874548
0.44947632557207934
0.4485828802763363
0.4476810150950231
0.44677079445428874
0.4458522860100851
0.44492555003231504
0.4439906479834138
0.44304762891368216
0.44209653998122705
0.4411374387904935
0.4401703859849062
0.43919544182754766
0.438212662554417
0.4372220909871395
0.4362237764156781
0.43521777162058695
0.43420412941983955
0.4331829106639992
0.4321541704211619
0.4311179547253836
0.43007430939742197
0.42902326723423906
0.42796487047764326
0.42689916306814585
0.42582618654334686
0.42474598627527854
0.4236586016720648
0.4225640573689816
0.4214623787521052
0.42035358640876475
0.41923770054369247
0.4181147432152532
0.416984731188189
0.4158476788929773
0.4147036108627927
0.4135525594061331
0.41239455324182367
0.4112296222100785
0.4100577930168193
0.408879096717226
0.4076935619241421
0.4065012194168938
0.4053020921613826
0.4040962040461775
0.4028835809470744
0.40166424341145635
0.4004382117951238
0.3992054973073067
0.3979661129643943
0.39672007860681785
0.39546741868311025
0.39420816601315867
0.3929423480178412
0.39166998660597707
0.390391105049173
0.3891057328086418
0.3878138987862908
0.3865156302838727
0.3852109586799489
0.3838999189924839
0.38258254760375476
0.3812588828403868
0.379928971435585
0.3785928644053463
0.37725061597874404
0.3759022810001043
0.374547920470568
0.3731876026283611
0.3718214012113552
0.3704493827668246
0.3690716115991487
0.3676881652048788
0.36629911540344545
0.36490453825391045
0.3635045060157074
0.36209908778203187
0.3606883513858676
0.35927237022993147
0.3578512239338498
0.3564249877954585
0.35499374167275843
0.3535575685133475
0.35211654717218543
0.3506707530849811
0.3492202629638493
0.347765146855211
0.34630547517955285
0.34484132015217206
0.3433727611454812
0.341899872559198
0.3404227358713934
0.3389414362556612
0.33745606155380414
0.3359667015472526
0.33447344488788056
0.3329763859171449
0.33147563342902375
0.3299712979842927
0.3284634848504774
0.32695229949709304
0.3254378413442731
0.3239202096162823
0.32239950738677103
0.3208758380410212
0.3193493045588085
0.31782001094028073
0.3162880554818819
0.31475353295423236
0.31321653439072716
0.3116771450088972
0.31013545128243714
0.308591537527859
0.3070454846278193
0.305497361656239
0.30394723055205186
0.30239514960987296
0.3008411744078946
0.29928535920580007
0.29772777131680805
0.29616848412295715
0.29460757733451604
0.2930451316773155
0.29148122198034343
0.2899159224355434
0.2883493087990377
0.2867814618840163
0.28521245455618743
0.2836423519631096
0.28207122380150296
0.28049913687992695
0.2789261591430112
0.277352346215555
0.2757777533509813
0.2742024327698699
0.2726264374225591
0.2710498237826655
0.2694726561834554
0.2678950029300442
0.2663169160045292
0.26473845648476774
0.2631596745125585
0.2615806219765374
0.2600013591284453
0.2584219467380429
0.2568424459694626
0.2552629285875051
0.2536834626591926
0.2521041246356857
0.2505249894101327
0.24894611932080946
0.24736759061451763
0.24578948190882705
0.24421187049018656
0.24263483118967452
0.241058432871456
0.23948274176322157
0.23790781228441119
0.23633369786989666
0.2347604513682207
0.23318811927420585
0.23161674864558335
0.2300463808475493
0.22847705566898985
0.22690880683966555
0.22534165809331513
0.22377563638708375
0.2222107656919022
0.22064707444066708
0.21908457874908738
0.21752329365044565
0.21596321838276408
0.21440435646760897
0.21284670402377484
0.21129025410095037
0.20973500166176381
0.2081809463574794
0.20662810207807747
0.20507648252541483
0.2035260969069175
0.2019769601404458
0.20042909875556703
0.1988825462427588
0.19733732860319478
0.1957934712130231
0.19425100878240806
0.19270997619726865
0.19117041220849995
0.18963234545070046
0.18809580523774747
0.1865608245207876
0.1850274245583955
0.18349563393261703
0.18196548031309057
0.18043698213499013
0.17891015488709439
0.17738502523012148
0.17586162868174757
0.17433998995482128
0.1728201339059508
0.1713020915318325
0.16978589758027754
0.16827158428363329
0.1667591785882825
0.16524870074085546
0.1637401661753661
0.1622335907891735
0.1607289882706291
0.15922636733902634
0.15772573090286765
0.15622707548502557
0.15473039617024978
0.15323569329429398
0.1517429656538174
0.15025221755681062
0.14876345442520453
0.14727667546549503
0.1457918774805651
0.14430905255005638
0.14282820577910002
0.1413493411386407
0.13987245857201433
0.13839755446175922
0.13692462267588676
0.1354536508790297
0.1339846091101429
0.13251746414557183
0.1310521830033366
0.1295887380217795
0.12812710509423486
0.12666726574740322
0.1252092058240802
0.12375291266829247
0.1222983734317442
0.1208455803578971
0.11939451259148226
0.11794514592736105
0.11649744989498775
0.11505139881435672
0.11360697088821917
0.11216414444475334
0.1107229065721134
0.10928324731627144
0.107845166640062
0.10640866464557522
0.10497372884685438
0.10354035788104442
0.10210854941442929
0.10067830985535331
0.09924963812297195
0.09782253140337184
0.09639698640815919
0.09497299075412162
0.09355053773296362
0.09212962273869266
0.09071023933255074
0.08929237422518208
0.08787602356875315
0.08646119163222982
0.08504788253990382
0.08363610534695977
0.08222586810057173
0.08081718535388441
0.07941006396938685
0.07800451435424724
0.0766005343550132
0.07519812384013265
0.07379728311442457
0.07239800484603812
0.07100028116762608
0.06960410442542675
0.06820946244898576
0.06681634445764263
0.06542473781386575
0.06403462680358588
0.06264598818128506
0.061258802713614516
0.059873046342628945
0.05848870382003343
0.057105755111547474
0.05572417598722682
0.054343938153483484
0.05296500605703115
0.051587332480311776
0.05021088204818075
0.04883563028092641
0.04746156756780969
0.04608867872981425
0.04471694620229593
0.043346351324733495
0.04197687415831745
0.04060848488811328
0.03924115250062037
0.0378748523592129
0.036509562911753696
0.03514526538162408
0.033781937407460536
0.03241956510356256
0.031058135196692982
0.02969763407930276
0.02833805151812159
0.026979385403541348
0.02562162592984541
0.024264759936195215
0.022908771173546137
0.021553643306975727
0.0201993664072668
0.018845926890042566
0.017493310165728013
0.016141484437807663
0.014790425746812913
0.013440102929644572
0.012090481746866055
0.010741532301350581
0.009393226581965793
0.008045545576329118
0.006698459101413701
0.005351946551419025
0.00400597540979334
0.0026605204751023216
0.0013155623606945985
-2.8912257542451636E-5
-0.001372919514470182
-0.0027164792687753084
-0.004059613525028177
-0.005402350870897903
-0.0067447203533594555
-0.008086745859899241
-0.009428450746437098
-0.010769854607844485
-0.012110975512886802
-0.013451823045188951
-0.014792405276451225
-0.01613273409648682
-0.017472812678934538
-0.01881264592739262
-0.02015223898427284
-0.021491594361005593
-0.022830716492292076
-0.024169612724322807
-0.025508291581895853
-0.02684676807363435
-0.02818505377562687
-0.029523163194741704
-0.030861113715448973
-0.03219891622939052
-0.03353659077033712
-0.03487415292297174
-0.036211623589356506
-0.037549021178943
-0.03888636260339813
-0.04022367072850122
-0.04156095866920689
-0.04289823947794468
-0.04423552521821202
-0.045572817103975614
