-7.863144308e-001
-2.266418686e+000
1.063166391e+000
-9.130068165e-001
-6.524538629e-001
9.349909332e-001
-5.187370123e-001
-5.712508597e-001
4.351063833e-001
1.430259205e+000
-3.456214596e-001
-1.090578518e+000
9.388219765e-001
-6.963614128e-002
2.883782100e-001
8.785932172e-001
7.920156683e-002
-6.925202987e-001
-1.116209558e+000
1.592851285e+000
6.352576157e-001
9.631132109e-001
-2.192889776e+000
1.382007901e+000
-5.597509378e-001
8.929820815e-001
-1.959197545e-001
-4.141520174e-001
2.131936183e+000
2.899237351e-001
8.583910624e-001
6.478656618e-001
1.096186498e+000
5.609405183e-001
-8.508990064e-002
5.144292411e-001
1.177632973e+000
-6.290175614e-001
-1.511855906e+000
1.167519365e+000
9.653917620e-002
1.898489403e+000
-5.086219610e-002
-1.016267588e+000
1.179410785e-001
-1.127022494e-001
-8.564012711e-001
5.640630082e-002
-2.550591551e-001
-6.771093273e-001
-5.756952265e-002
1.865098138e+000
2.456803661e-001
1.461904092e+000
2.354559688e+000
-6.718963361e-001
2.092519817e+000
-5.200620198e-001
1.031206508e+000
7.213189334e-001
6.050752412e-001
1.455311323e+000
2.290673642e-001
1.575857926e-001
5.543634490e-001
1.062581030e+000
1.308154863e+000
7.001239338e-001
-5.986641171e-001
1.002414453e+000
1.795315701e+000
-5.670873741e-001
-1.570210653e+000
-1.019807209e+000
1.616391984e+000
5.462097613e-001
-1.292900012e+000
-6.566830288e-001
-1.630405513e+000
-5.842089445e-001
2.610401917e-001
5.475167658e-001
1.406728895e+000
9.614297778e-002
1.409058288e-002
1.225417032e+000
1.037872856e+000
-1.061833480e+000
3.033833645e-001
2.346599169e+000
-3.338547764e-001
-2.006207011e+000
1.893711054e-001
-7.883811957e-001
1.355966720e+000
6.157628722e-001
1.447591246e+000
-9.379746644e-001
1.432138626e+000
1.043927125e+000
-8.850766763e-001
1.451803969e+000
2.013259356e+000
-6.030006578e-001
3.756586058e-001
-2.981137807e-002
-9.588455604e-001
-2.331095720e-001
-2.065791592e-001
-1.550228467e-001
5.069870631e-001
7.767967149e-001
1.884701865e+000
-1.133629341e+000
-1.480292982e-001
-8.355413900e-001
6.078296834e-001
2.204840690e-001
7.226263900e-001
-3.813199331e-001
1.190282700e+000
-2.971731121e-001
4.920078054e-001
-6.100702051e-002
1.636994086e+000
6.836088080e-001
6.905558988e-001
-1.407462892e-001
6.061560113e-001
-6.274500012e-001
2.198239138e+000
9.859808623e-001
2.930645711e-001
3.852124363e-001
8.113524453e-002
1.726338779e+000
5.139554415e-001
-1.414462782e+000
4.021658476e-001
2.088776423e-001
-1.091475514e+000
-1.308742486e-001
-8.192796281e-001
9.024814064e-001
5.294605145e-001
7.111563529e-001
-6.372049261e-001
-1.567216101e+000
1.816160633e+000
6.078880174e-001
-2.085414193e+000
4.152143697e-001
1.459147662e+000
3.270390213e-001
4.264283541e-001
6.039446533e-001
-8.328699638e-001
-1.444959502e+000
1.158713822e+000
-4.109510865e-001
5.795310586e-002
4.788761513e-001
-9.412446792e-001
-9.683211836e-002
-1.625279918e-001
-1.024214516e+000
-6.836196717e-001
-9.229336993e-001
1.158039246e+000
-6.187444600e-002
6.447311708e-001
5.437390419e-001
4.117374514e-001
-1.619983187e-001
3.702911977e-001
6.896611439e-001
1.279212505e+000
2.167178671e-001
2.281414410e-001
-8.783136618e-001
7.429882632e-001
-4.464968514e-002
-8.019355272e-001
2.958448646e+000
2.127362671e+000
1.752476026e+000
-3.590721387e-001
2.032102238e-001
5.435582679e-001
1.743947741e+000
1.004209265e-001
-8.809714682e-001
1.824611873e+000
5.263669097e-001
-2.086174451e-001
-3.151014822e-001
1.146793236e+000
4.275726918e-001
-2.387172987e+000
7.066118714e-001
8.242902954e-001
2.016622774e+000
4.546896987e-001
1.903889439e+000
1.097508147e+000
1.049221956e+000
1.935762247e-001
1.542636987e+000
-1.168874752e+000
4.985851487e-001
2.639496977e-001
-4.226425335e-001
1.595983068e+000
8.953687187e-001
3.104613652e-001
1.295328698e+000
6.988063688e-001
-8.466648715e-001
3.472003578e-001
-4.695497375e-001
-1.568045804e+000
5.369715433e-001
3.274791973e-001
-2.398302178e-001
1.305167900e+000
-4.511360988e-001
1.154025940e+000
-3.830850048e-001
1.542829269e+000
-3.230819580e-001
1.757105412e+000
8.229555115e-001
5.550881698e-001
-1.964558776e-001
6.473641388e-002
9.596181611e-002
9.532269363e-001
-1.295703408e-001
1.974119063e-002
1.095018850e+000
-3.048284700e+000
3.050290194e-001
2.907526392e+000
-3.587151411e-001
-7.572281642e-001
5.689073071e-001
4.471058984e-001
-1.427657922e+000
8.256627205e-002
-7.226342776e-001
-9.303749176e-001
9.438465761e-001
7.853921624e-001
2.580222276e-001
-2.512546418e-001
1.364582975e+000
-3.948415932e-001
1.092651641e+000
-2.681317945e-001
-7.725265821e-001
3.061675690e-001
-1.072108061e+000
1.127357450e+000
8.813831563e-001
5.569690821e-001
-1.682100952e+000
8.252056025e-001
-2.289343575e-001
1.772935460e-001
-1.028565027e-001
4.130242539e-001
1.624301000e+000
5.986145298e-001
4.706108524e-002
7.706648666e-003
-1.867927555e-001
1.736934152e-001
-1.387963124e+000
7.818843820e-001
1.187664316e+000
1.545849014e-001
2.590651891e-001
-3.262499501e-001
-6.587962744e-001
-1.964561337e+000
-8.885606430e-001
1.202669640e+000
1.301870984e+000
7.971644017e-001
-1.008572653e+000
3.104590345e-001
8.897085301e-001
-9.775431008e-001
-2.791077311e-001
-4.963665398e-002
-3.263135351e-002
-4.132845993e-001
5.702383710e-002
2.236043913e-002
-9.631980022e-002
9.143722332e-001
1.396830062e+000
1.618085720e+000
1.635587956e+000
-8.556401472e-002
-1.417889652e+000
7.162275461e-001
1.166119203e+000
9.362998766e-001
2.105917256e+000
4.854712819e-001
6.841527602e-001
8.859799750e-001
-1.178439256e+000
7.964668814e-001
1.476189870e+000
-3.475521018e-001
1.908471880e+000
1.615337438e+000
1.567946660e+000
-7.702568825e-001
-1.338024676e-001
7.457133867e-001
1.253444333e+000
5.067626178e-002
-1.132660340e+000
-1.072743112e+000
-1.962273287e+000
-5.384231777e-001
1.102050459e+000
5.549794270e-001
8.742796943e-002
6.570067664e-001
7.868053329e-001
1.981105350e-002
-7.997243289e-001
5.979509575e-001
-4.677872911e-001
-3.068135592e-001
-6.594434898e-001
1.570799799e+000
3.820572144e-001
1.409190268e+000
1.099852113e+000
5.571429656e-002
5.111297023e-001
3.157654746e-001
7.559211079e-001
-2.966312600e-001
-7.809652471e-002
7.242890191e-002
7.454313736e-001
2.797433352e-001
1.711371939e+000
4.437639897e-001
1.699278942e+000
1.227132103e+000
1.235708473e+000
1.956683186e-001
1.120008744e+000
1.652810718e+000
1.566873143e+000
1.107828144e+000
-1.322308439e+000
3.001328363e-001
2.648979299e-001
-7.025320370e-001
2.066532881e-001
-1.621933817e-001
2.336403958e+000
1.633017920e+000
-9.733863186e-002
1.721537404e-001
4.650331118e-001
5.749905737e-001
-8.902262617e-002
1.488605368e+000
-3.844937438e-001
-1.652581413e+000
-2.058022164e-001
6.477776674e-001
-3.453463938e-001
2.450687845e-001
6.532319053e-001
1.522480271e-001
-8.307501369e-002
-1.104304542e-001
1.558661291e+000
-1.013226790e+000
1.698277004e+000
-8.282728267e-001
-5.708942629e-001
7.040833504e-001
-7.173121082e-001
-4.251024399e-001
9.237437712e-001
-5.803451856e-001
-1.458160832e+000
3.434813667e-001
1.269336380e+000
1.129322764e+000
8.367315398e-001
1.692091301e+000
4.175112327e-001
2.001145269e-001
-1.089075280e+000
9.994674621e-001
-1.003323397e+000
-3.425087875e-001
1.366425454e+000
6.707464543e-001
1.250837062e+000
-1.166938611e+000
-3.481300520e-001
4.093491275e-001
1.529558795e+000
-6.331539334e-002
-2.473589346e-001
1.042500855e+000
2.466935345e+000
1.283031685e+000
1.636607148e+000
1.151371791e+000
1.732777071e+000
-4.454555166e-001
6.610157824e-001
6.010328119e-001
2.048648647e+000
8.779740343e-001
4.365586755e-001
-1.501610758e-001
-3.884434356e-001
6.199903086e-001
-1.317643606e+000
4.108186941e-001
9.552056481e-001
-7.364253460e-001
7.650224895e-001
6.360401130e-001
3.229893154e-001
-2.229537529e-001
3.900066452e-001
-1.161200147e+000
3.172103825e+000
-3.826573128e-001
-9.542377723e-001
5.816278931e-001
1.241462907e+000
6.582436693e-001
6.985378677e-001
7.110222917e-001
1.126787680e+000
2.293120273e-001
-1.329072636e-001
-7.581222301e-001
-6.778370947e-001
1.044968443e+000
1.079823090e-001
-1.350512406e+000
-1.961883145e-001
2.716158652e+000
1.070149431e+000
1.124348085e+000
1.414762875e+000
1.783595810e+000
8.771602510e-001
1.121639925e+000
1.930658455e+000
4.619189769e-001
6.527856697e-001
2.287623999e-001
1.058064200e+000
1.589365721e+000
-5.167958109e-001
-2.103662769e-001
1.457287982e+000
1.883319939e+000
1.400365008e+000
3.029991301e-001
1.035135602e+000
2.160834575e-001
-1.524366550e+000
7.289156186e-001
6.931012828e-001
1.826341592e+000
1.085435497e+000
2.417592063e+000
6.644727480e-001
3.681763798e-001
1.489014603e-002
2.183005844e+000
-3.712403228e-001
2.169135297e-002
-2.502763044e-002
9.391984761e-001
-1.251590577e-001
4.857135499e-002
-1.802935004e-001
6.838720122e-003
-6.782811838e-001
4.550741413e-003
-5.881518122e-001
1.435797529e+000
1.135992246e-001
6.622142238e-001
1.350399222e+000
-1.500028423e+000
-1.175205109e-002
-7.974525912e-001
-1.350666144e+000
-5.811581527e-001
-2.456064366e-001
6.151456202e-001
-3.220998354e-001
8.096057681e-001
-6.938001621e-001
4.072394861e-001
-5.274647011e-001
1.752362381e+000
5.118808161e-001
-2.336921854e-001
1.436534610e-002
7.436427868e-001
5.460615533e-001
1.385885619e+000
-8.890569398e-001
-5.839858522e-001
-1.280423991e-001
6.629021092e-001
4.774018638e-001
-1.768895269e-001
1.652326434e+000
-6.982217001e-001
-1.104599869e-001
8.177816037e-001
-6.748048079e-001
-6.287961609e-001
-1.041591554e-001
7.967729714e-001
5.007537383e-001
2.647745317e+000
-2.077506408e-001
3.149854146e-001
1.482568620e+000
1.582108999e+000
4.401898026e-001
6.433068238e-001
1.971214806e+000
1.014029518e+000
1.933827483e+000
2.182704129e-001
1.763489422e+000
1.702910356e+000
2.345355162e-001
1.616015105e+000
5.298628659e-001
2.228908625e+000
-2.030747180e-001
1.396071229e+000
-3.574927842e-001
6.592551097e-001
-1.203862451e+000
1.470626188e+000
1.703823964e+000
1.236628561e+000
9.043881338e-001
6.913731744e-001
6.112952788e-002
-1.213267704e-001
4.124565709e+000
9.861205178e-001
1.198281360e+000
-5.987236592e-002
8.359123910e-002
5.212591827e-001
1.260050978e+000
3.058406330e+000
-1.370330124e+000
6.020883288e-001
3.048573520e-001
-6.202801131e-001
1.202143483e+000
1.342989873e-001
1.109394572e+000
1.350084938e+000
-1.723065343e+000
8.346856177e-001
-2.286812050e+000
1.662224579e+000
1.705383730e+000
-8.637304108e-001
2.606780068e+000
-1.255630258e+000
1.183313808e+000
1.355909729e+000
2.211982382e+000
2.382516885e-002
-7.350853201e-001
1.698016421e+000
1.275522958e+000
1.722106158e+000
2.438598937e-001
5.374743037e-001
4.658677332e-001
7.779387513e-001
2.657858606e-001
-4.082419892e-001
9.346201735e-001
-7.493819297e-003
1.255266669e+000
1.074078269e+000
3.194830624e-001
-5.199759538e-001
-6.362540590e-001
-3.438937216e-001
1.026772434e+000
1.095083086e+000
2.743003862e+000
8.202152401e-001
8.163280026e-001
9.655912697e-001
-1.543926057e+000
1.048869013e+000
1.606424767e+000
-2.199962352e-001
-1.025523077e+000
1.916531859e+000
3.187148930e-001
-1.475067074e+000
2.481072152e-001
-9.882125739e-001
1.101814743e+000
1.128498947e+000
1.697133027e+000
1.465044898e+000
1.118905033e+000
3.633492119e-001
4.992034440e-001
1.268956793e+000
2.709759172e-001
-4.002861030e-001
7.146451144e-001
1.839142819e-001
2.722427374e+000
1.472287610e+000
9.450441995e-001
1.674664156e+000
9.237316229e-001
-6.418817686e-001
6.216232891e-001
-1.384537246e+000
1.650943088e-001
1.982765673e+000
8.900211604e-001
3.850776407e-001
-1.533939100e-001
-1.537990546e+000
1.391600936e+000
9.517111007e-001
4.417391575e-001
1.619165988e+000
-4.180916150e-001
-8.983721443e-001
4.007154878e-001
-1.488499550e+000
1.822179424e+000
6.794003097e-001
7.379237169e-002
9.920679631e-001
-4.532126678e-001
-1.752669748e+000
5.343213865e-001
-2.847380773e-001
3.650702059e-001
6.935662133e-001
-3.610056813e-001
7.406022740e-002
1.906052531e+000
1.561876561e+000
-1.143893241e-001
5.788375348e-001
-4.957849122e-002
1.052280231e+000
5.007429584e-002
7.282036688e-001
-7.439512791e-001
5.424961047e-001
6.982055098e-001
-3.812749528e-001
3.746456100e-001
-9.464770482e-001
6.668009860e-001
1.405022150e+000
1.077168469e+000
1.630599818e+000
-4.003091783e-001
-4.182312443e-001
5.938078056e-001
1.303975166e+000
3.079533562e-001
1.532539482e-001
9.887073821e-001
9.229384577e-001
5.863012442e-001
6.704833677e-001
1.621654354e+000
1.012512760e+000
8.535142983e-001
4.692768127e-001
1.284722584e+000
1.442598642e+000
1.185157654e+000
-6.866567390e-001
4.123418254e-002
2.314884362e+000
-4.676967371e-001
9.925804659e-001
-1.937397642e-001
-1.017770934e-001
1.777579782e-001
1.183039275e+000
1.277017837e+000
-2.777296796e-001
1.029988060e+000
8.118102149e-001
-2.482328290e-001
-1.504164055e-001
5.402499993e-001
-6.318065111e-001
4.043550185e-001
6.123077758e-001
1.401214852e+000
-3.880995505e-001
1.386673109e+000
8.865944190e-001
7.336982767e-001
6.248291731e-001
1.709672093e-001
1.174571959e+000
2.464675160e+000
5.933901610e-001
-4.487128397e-001
3.597431294e-001
-5.631735453e-001
2.980826057e-001
8.928106567e-001
3.698525666e-001
2.626306769e-001
4.712716527e-001
-5.213372407e-001
-2.018620019e-001
-2.345531517e-001
-5.424646654e-001
4.983664219e-001
-6.276679971e-003
-1.959911420e-001
-1.431934456e+000
-7.446023303e-001
-2.316500421e-001
-9.643470006e-002
1.080560232e-001
2.224842091e+000
1.193787483e+000
1.230465138e+000
4.458553505e-001
-5.745463327e-001
1.991491928e-001
5.220303598e-001
1.035292765e+000
-8.830546057e-001
-8.508204337e-001
9.557274182e-001
-1.420525843e-001
4.495201314e-001
-1.535358721e+000
2.241878569e-001
-1.696678017e-001
3.833391376e-001
7.935092952e-001
1.431084517e+000
8.564728865e-001
-2.136427367e+000
1.608547141e+000
-1.345582525e+000
5.222101710e-001
1.495823548e+000
3.379331790e-001
3.181290198e-001
1.820887214e+000
-2.881845767e-001
1.491027000e+000
2.404321778e-002
-1.598397281e+000
2.300545505e+000
5.983810334e-001
5.116952323e-002
-1.161151563e-001
-6.352699055e-001
-1.459633058e-001
-1.499396096e+000
9.436418850e-002
1.514869636e-001
-7.001607520e-001
3.177293019e-001
-6.058522253e-001
-7.204426942e-004
-6.630268620e-001
-1.244867494e+000
7.020166507e-001
-2.148057071e-001
8.814385564e-001
-1.593257566e+000
6.110489976e-002
-2.109027659e+000
8.488880985e-001
-8.751541889e-001
-2.379606305e-001
4.948007708e-001
9.023628082e-001
2.308423347e+000
1.804528578e-001
-4.558199548e-001
1.046755046e+000
1.915011463e+000
1.227967045e+000
-9.034425567e-001
1.067581098e-001
1.573106797e+000
2.216985120e-001
7.639217756e-001
-1.298362242e+000
2.912914126e-001
7.257407179e-001
-1.535308512e+000
1.265989882e+000
5.054485771e-002
-1.177600599e+000
-2.523128250e-001
1.827103648e+000
1.484364570e+000
-1.415171888e+000
1.970507859e-001
1.079346574e+000
7.257085123e-001
-1.994598743e-001
-6.093287605e-001
-8.192256331e-001
-5.425872232e-001
2.335425803e-001
-1.618522962e-001
-5.701712190e-001
-6.957414601e-001
-7.819713505e-001
-5.424363563e-002
9.301887804e-001
-7.212149955e-002
9.655678613e-001
3.159300658e-001
-7.658599548e-001
-2.055124777e-001
-5.488964635e-001
2.065659030e+000
-2.286219797e-002
-4.508134997e-001
-3.834876110e-001
-2.307514436e-001
-7.759375868e-001
-2.460978497e+000
-3.454324273e-001
1.696057674e-001
9.166962018e-001
6.550334443e-001
9.599079810e-001
7.642897037e-001
3.479383417e-001
9.686220777e-002
8.742427774e-001
-1.808363996e+000
-3.729020731e-001
-8.040831986e-001
8.240376548e-001
6.887889779e-001
1.335384767e-001
1.404766885e+000
5.481260737e-001
1.572399897e+000
1.298085664e-001
-1.747545954e+000
1.745876978e+000
-3.812446311e-002
1.392059644e+000
-1.001746134e+000
-1.547640660e-001
2.931450791e-002
-1.242690886e+000
9.328405245e-001
4.048379133e-001
-1.765864166e-001
-9.176011584e-001
1.482325376e+000
1.285652521e+000
6.655205367e-002
8.132407262e-001
-6.352590412e-002
1.042571224e+000
-1.051323638e+000
6.032783971e-001
-1.771938609e+000
3.760186453e-001
1.409186131e-001
-1.050394238e+000
-5.131178960e-003
1.038790336e-001
-5.947290111e-001
2.744501224e-001
-2.054805079e-001
-3.866440464e-001
-1.044658757e+000
6.554006349e-001
-6.484661975e-001
1.359740395e+000
-6.455481595e-001
-5.599231408e-001
-5.418472498e-001
-1.014305187e+000
-1.664889122e+000
1.798454918e+000
1.657498863e+000
2.241794690e+000
-7.718899606e-001
-3.041634876e-001
-1.154360273e-001
-1.436939161e-001
-1.412326222e+000
-1.346834935e-001
9.805157625e-001
4.938734720e-001
4.469670944e-001
-4.918570535e-001
1.284399424e+000
1.240548033e-001
-1.685569950e-002
5.284035080e-001
1.227069303e+000
-1.106015160e+000
-4.675424070e-001
-4.295586025e-001
1.160695997e-002
9.670654624e-001
-5.171916259e-001
-1.279599017e-001
-2.517338203e+000
1.172619875e+000
-1.045623891e+000
-4.386404521e-001
6.534665699e-001
2.900730240e-001
1.337095065e+000
-1.637082547e+000
1.419662523e+000
-1.748863957e+000
1.083549698e+000
8.610648036e-001
8.962368382e-001
-4.129693788e-001
-5.488950356e-001
-3.176613403e-001
-9.730197433e-001
-7.175813014e-002
7.550706156e-001
7.160451967e-002
5.462657919e-001
2.155090391e-001
1.239881220e+000
2.107362641e-001
-5.762152813e-001
1.269911471e+000
-2.711168016e-001
-5.267227786e-002
3.689758297e-001
-3.036290656e-001
-4.506250014e-001
-1.965493242e-001
-9.798406222e-001
4.804235799e-001
-4.588234416e-001
-4.523236856e-001
9.274748656e-001
-1.378347748e+000
6.235658836e-001
-8.172815355e-001
3.325194170e-001
1.845514874e-001
-9.151440454e-001
1.398317816e+000
-3.100790480e-002
1.042007987e-001
1.556247621e+000
1.040498457e+000
-9.513764979e-001
