1.0 1.0 1.0 0.5710457640674558 0.2977333914258505 0.8407147641927812 -0.01203347102182702 -0.07241500535992378 0.048965164394312144
1.0 2.0 0.0 0.5584803872285456 0.325926895869768 0.7880348843704749 -0.013091566972840914 -0.06495837072330864 0.03944659918649046
1.0 3.0 0.0 0.5449888641004506 0.34471418435159185 0.7429564226133888 -0.013779333444256624 -0.0583001780913187 0.031448143687126305
1.0 4.0 1.0 0.5312156387420556 0.35581848850591785 0.7050119869914212 -0.01359559835102114 -0.05190318849091532 0.02540920196072028
1.0 5.0 1.0 0.5181582578743528 0.36135296975140424 0.674032353285796 -0.012340465296828544 -0.045506781963458046 0.021458695743997294
1.0 6.0 0.5 0.5068599477649842 0.36349475004736237 0.64987335328953 -0.010118133182041862 -0.039127495595966004 0.019410107856602375
1.0 7.0 1.0 0.498128168260478 0.36415157821868005 0.6322007496735335 -0.007282226620584971 -0.03300655926997454 0.01881555354780896
1.0 8.0 0.0 0.49233390431785196 0.36469541172557174 0.6203655300220372 -0.004331500631753231 -0.027514449367800474 0.019073576341819824
1.0 9.0 0.0 0.4893316806724327 0.3658311772561083 0.6133792773876068 -0.0017771324028700549 -0.023031411671184825 0.019568281860463697
1.0 10.0 0.0 0.48851435183353464 0.36763033674509843 0.6099873745202511 -1.107227101605499E-5 -0.019827664392258963 0.019806087658996906
1.0 11.0 0.0 0.48898641178428 0.36971013635827693 0.608827486605961 7.947932087445068E-4 -0.017968854234363615 0.01951768202576316
1.0 12.0 1.0 0.48981283345005705 0.3715040238461704 0.6086440618513766 7.359150452543331E-4 -0.017270525352264327 0.018704616209683035
1.0 13.0 1.0 0.49028291693633264 0.37255235712473406 0.6085117886999142 1.567718844837112E-4 -0.017317222500979473 0.017622726686127216
1.0 14.0 1.0 0.49012230644680277 0.3727403636314042 0.6080107976495448 -4.336036752610736E-4 -0.01754757654646607 0.016702605281854747
1.0 15.0 1.0 0.4895918500451308 0.3724194334641993 0.6072980179057991 -5.002595795235691E-4 -0.017390316205659968 0.016415451384024296
1.0 16.0 0.0 0.48943158817104243 0.372370419886408 0.6070347262930591 3.5266528047701965E-4 -0.01642146661420696 0.017108711776162175
1.0 17.0 0.5 0.49064447628729474 0.3736059123147762 0.6081628107066185 0.002234911342903237 -0.014502274986981522 0.018857486834690393
1.0 18.0 0.0 0.494163830301624 0.3770571163281618 0.611569835028849 0.004892881168479072 -0.011853725840128945 0.02138857119408816
1.0 19.0 0.0 0.5004959103683898 0.38323451144669857 0.617731877989138 0.0077413390785637465 -0.009031794107262566 0.024117480516771393
1.0 20.0 0.5 0.5094524861907856 0.39197092503858555 0.626449304461407 0.010008866108937134 -0.006792046530561487 0.026296503563362054
1.0 21.0 0.0 0.5200714739284203 0.40233975804133193 0.636773883460205 0.010958896950161466 -0.005870823322429164 0.0272266225073592
1.0 22.0 1.0 0.5307679595547373 0.41279213453784835 0.6471659404918961 0.010116439984989973 -0.006749771953259264 0.026463860129137158
1.0 23.0 0.5 0.5396829898303539 0.42148919121420203 0.6558417633270004 0.007425671374051551 -0.009488776450839977 0.0239593155387353
1.0 24.0 1.0 0.5451328862572523 0.4267416664323066 0.6612095990946466 0.0032883668369317804 -0.013691025780154034 0.020099125257251858
1.0 25.0 1.0 0.5460326736377941 0.4274319860819717 0.6622727112634732 -0.0015235603865493056 -0.018608029513178043 0.015639040041953763
1.0 26.0 1.0 0.5421824195512756 0.4232996405267995 0.658901997573122 -0.006046280490111028 -0.023335080077585526 0.011552584763523013
1.0 27.0 1.0 0.534353606932813 0.4150161822925416 0.6519293081406321 -0.00933579196921807 -0.02702373095482227 0.008830905578910126
1.0 28.0 0.0 0.5241700805156777 0.4040400337820802 0.6430606359407787 -0.010659470908545264 -0.029053961452721086 0.008281659169402105
1.0 29.0 0.0 0.5138226188979379 0.3922957710133687 0.6346406145313305 -0.009633527246834677 -0.029144802689271457 0.010371775233901297
1.0 30.0 0.5 0.5056792658781339 0.3817513626196765 0.6293159247325845 -0.006293153384593051 -0.027410252164851098 0.015146671210259506
1.0 31.0 0.0 0.501859764019148 0.37397161391827716 0.6296525416062162 -0.0010946478426642394 -0.02437000968159706 0.022236849783071867
1.0 32.0 0.0 0.5038399376401187 0.36971793973060535 0.6377650156706516 0.005145389535144929 -0.020910399387276988 0.030937312327559408
1.0 33.0 0.5 0.5121443702975557 0.3686524360352855 0.6550135163394383 0.01136360299283468 -0.018185152099782068 0.04032960921402401
1.0 34.0 1.0 0.5261721139282214 0.36918973049198617 0.68181233767583 0.016398877399887008 -0.01746080243729268 0.049417589165277664
1.0 35.0 1.0 0.5441792889972613 0.3685196805385142 0.7175732928920462 0.01915273118384363 -0.019935705719039076 0.05725897674396509
1.0 36.0 1.0 0.5634166933194819 0.3627948681709894 0.7607863803490266 0.01873467382201446 -0.02657498989249401 0.0630835850328299
1.0 37.0 0.0 0.5803955782686763 0.3474447620238194 0.8092235443459085 0.01457009074650159 -0.037996198583515585 0.06638919593567238
1.0 38.0 0.5 0.5912365722644586 0.31755729134926736 0.8602370546019856 0.006457353897471534 -0.05441952286286327 0.06700308430409009
