1.0 1.0 1.0 0.8928773672928416 0.19534525050581264 1.4736107273120091 0.014418590378477186 -0.13383178453667477 0.15838245359621209
1.0 2.0 0.5 0.9046340511408575 0.3066555805646027 1.382318613099138 0.009038656278733905 -0.11805202886617894 0.13344223367935856
1.0 3.0 1.0 0.9109030646832013 0.39290035315814414 1.3067481486569386 0.0035032861466507384 -0.10518236168695823 0.11114743986378675
1.0 4.0 1.0 0.9117049548900563 0.45628392670791823 1.2447299610827567 -0.001840434765337439 -0.09478197746112735 0.09164825192600755
1.0 5.0 1.0 0.9073891805455183 0.4993564766893492 1.194308901650183 -0.006685116116445938 -0.08641047856117272 0.07502766865456535
1.0 6.0 1.0 0.8985854190173789 0.5250731358598905 1.1536019951612166 -0.010779939634523405 -0.07964980744413314 0.06129470313074426
1.0 7.0 1.0 0.8861416210311411 0.5367445473566429 1.1207424121314213 -0.013940091285181627 -0.07411912481356908 0.050383200647702076
1.0 8.0 1.0 0.8710564639810398 0.5378342722453102 1.093967048860169 -0.016048721890783324 -0.06948187762714025 0.04215556835371
1.0 9.0 1.0 0.8544127409396294 0.5316690173242239 1.071792880468543 -0.01705364623943962 -0.06544739910581994 0.036409995719434006
1.0 10.0 0.5 0.8373151468197024 0.5211917021796858 1.0531579617584323 -0.01696253932938573 -0.061771733720985184 0.03288945892477744
1.0 11.0 0.5 0.8208319500829886 0.5088357070142914 1.037447863255588 -0.015840546175845717 -0.05826248621892401 0.03129063968765576
1.0 12.0 1.0 0.8059367431808352 0.4965065105541238 1.0244148512314941 -0.013812703517879618 -0.05478999883655924 0.03127097901676016
1.0 13.0 1.0 0.7934454486614508 0.48561328669790765 1.0140390307622411 -0.011070615232110533 -0.051303287469234876 0.03245324708978667
1.0 14.0 1.0 0.783946122827955 0.4771024112864482 1.0063753149893226 -0.007879187462102675 -0.04784554149165625 0.034429575106420175
1.0 15.0 0.5 0.7777249277767359 0.471472214944479 1.0014126241732448 -0.004576189690100407 -0.04456142640810182 0.0367695053058125
1.0 16.0 0.0 0.7746995401742411 0.4687716990377057 0.9989617842362077 -0.001556582372283075 -0.04168744854740634 0.039037041143997794
1.0 17.0 1.0 0.7743783038506397 0.4686004983443481 0.9985860128287133 7.637738850416973E-4 -0.039518505531237993 0.04081899048821171
1.0 18.0 1.0 0.7758659996939041 0.47013393452954066 0.9995856903079297 0.0020043104041470505 -0.03834982290108503 0.04176258102328359
1.0 19.0 0.5 0.7779325832766081 0.47219601534729033 1.001042400737525 0.0018874957074460103 -0.03840330098854848 0.041617157631148934
1.0 20.0 1.0 0.7791495449481188 0.4733943601092828 1.0019161880266656 3.0357017305138694E-4 -0.03975727150822741 0.04027416328885919
1.0 21.0 1.0 0.7780824430262093 0.4723145451912158 1.0011790384946777 -0.002644575938201491 -0.04230297193749786 0.037800027685852014
1.0 22.0 0.5 0.773512282899175 0.46774993414558225 0.9979619950316018 -0.006630428212615789 -0.04574520376056262 0.034455511460687344
1.0 23.0 1.0 0.7646477994380996 0.45892322842358685 0.9916950616304925 -0.01113326926180248 -0.04964963947350468 0.03069291749011065
1.0 24.0 1.0 0.7512893458541345 0.4456473692104084 0.982225356646448 -0.015503946364830105 -0.05352194622240073 0.027123231346088312
1.0 25.0 1.0 0.7339144350588681 0.42838357804490834 0.9699047242534351 -0.019052761831903228 -0.05689271899665282 0.02445140274264036
1.0 26.0 1.0 0.7136725329407213 0.40818145402975137 0.9556407716970584 -0.021139695113563336 -0.05938270901039299 0.023387951885776987
1.0 27.0 0.5 0.6922962171023358 0.38651742777607645 0.9409071444988574 -0.021248995508285115 -0.06073580391845754 0.02455493998669501
1.0 28.0 0.5 0.6719501152515016 0.3650683029548989 0.9277127708864373 -0.019038194225451176 -0.06082693463437361 0.028410422780486635
1.0 29.0 0.5 0.6550442363463721 0.34545974269489166 0.9185355325859964 -0.014360802906838185 -0.05966555659106787 0.03521328280143937
1.0 30.0 0.5 0.6440358763623771 0.32902090506023063 0.9162303324360267 -0.007267422968471729 -0.05741070913125488 0.045036399886645234
1.0 31.0 0.0 0.6412389594160975 0.3165666641704045 0.9239222366110493 0.0020094997497823626 -0.05439457874013775 0.05781617280981681
1.0 32.0 1.0 0.6486553101119188 0.3082250933722859 0.9448916972918275 0.013083863263639233 -0.05113566915171155 0.07341368583532093
1.0 33.0 0.5 0.6678395785342963 0.30332919424710064 0.9824528301759362 0.025454589553959343 -0.04832231919963308 0.09166408755435716
1.0 34.0 0.0 0.6998067531767043 0.30038967181073944 1.0398231606742088 0.03855141171286322 -0.046760131566545245 0.1124019818373787
1.0 35.0 1.0 0.7449869661358116 0.2971503768079644 1.1199912279967907 0.051782721453435335 -0.04729368721686998 0.13546461267038565
1.0 36.0 1.0 0.80322675514885 0.29070246973995145 1.2256045700084803 0.0645796998930402 -0.050724158703052004 0.16068461935979741
1.0 37.0 1.0 0.8738305020685879 0.2776170520685802 1.3589076497043728 0.07643189067794053 -0.05774383112656443 0.1878851281863552
1.0 38.0 1.0 0.9556319537055489 0.2540651873052198 1.5217436133298956 0.08691156158133449 -0.06889791620523461 0.21688304719390727
