1.0 1.0 1.0 0.5275663081294942 0.32653298135336256 0.7271859780784724 -0.005943300185432014 -0.028039490849662847 0.016457675103692775
1.0 2.0 0.0 0.5219842619762797 0.3369867893637228 0.7058543365387709 -0.005223758505149369 -0.025730354605857625 0.015550722647105013
1.0 3.0 0.0 0.5171123474129535 0.3464983903321051 0.6868487482162146 -0.004523554301737491 -0.023550629732208745 0.014735498272412608
1.0 4.0 1.0 0.5129296464224702 0.3551437514338403 0.6700524826202042 -0.003845875199720404 -0.021501493258796096 0.014006967228571712
1.0 5.0 1.0 0.5094119844201436 0.3629959072153397 0.6553453957572478 -0.0031940358994853634 -0.01958399559034066 0.013359720504164055
1.0 6.0 0.5 0.5065318363413954 0.3701251056828588 0.6426036010337066 -0.0025714110414275107 -0.017799014382668493 0.012788059532707183
1.0 7.0 1.0 0.5042583026010178 0.3765988532520509 0.6316993774576247 -0.001981362339861174 -0.01614720997431235 0.012286093619711088
1.0 8.0 0.0 0.5025571611556532 0.3824817623481805 0.6225014234936052 -0.0014271592708297283 -0.01462898234296584 0.01184785145622073
1.0 9.0 0.0 0.5013910017138129 0.3878351236205549 0.6148755463858498 -9.118944346205035E-4 -0.013244430981043621 0.011467405928962638
1.0 10.0 0.0 0.5007194460860511 0.3927161680727349 0.6086858294282878 -4.3839654082473165E-4 -0.011993320344749266 0.01113900913698825
1.0 11.0 0.0 0.5004994549630164 0.39717704676745674 0.6037962500835496 -9.145374380541794E-6 -0.01087505426869466 0.010857232513491553
1.0 12.0 1.0 0.5006857166649694 0.4012636212542947 0.6000726471184662 3.7380628802897086E-4 -0.009888662654962408 0.010617105677788095
1.0 13.0 1.0 0.5012311085690145 0.40501420598647503 0.5973848773787841 7.088992957040836E-4 -0.0090328026884346 0.01041424746980666
1.0 14.0 1.0 0.5020872181043595 0.4084584185921298 0.5956089807907248 9.951203384742572E-4 -0.008305774857630071 0.010244983722349138
1.0 15.0 1.0 0.5032049084577878 0.41161627090324987 0.5946291917324391 0.0012320393215974534 -0.007705551466334141 0.010106448605857386
1.0 16.0 0.0 0.5045349151615448 0.41449758288922306 0.5943396876819924 0.0014198344228835936 -0.007229812602607036 0.009996669426687883
1.0 17.0 0.5 0.5060284636811224 0.41710174148161444 0.594646033896983 0.0015593101042598993 -0.006875982297527988 0.009914637885316508
1.0 18.0 0.0 0.5076379044022269 0.4194177752817835 0.5954663461174279 0.0016519151511948877 -0.006641256450825384 0.009860373155717984
1.0 19.0 0.0 0.509317368744554 0.4214246862937444 0.5967322374135916 0.0016997680133165043 -0.006522614473824275 0.009834982910030793
1.0 20.0 0.5 0.5110234566788492 0.423091974177259 0.5983896337097291 0.0017056949243243451 -0.0065168087072555265 0.009840727021323482
1.0 21.0 0.0 0.512715969659626 0.4243803028363237 0.6003995354747422 0.0016732824849985074 -0.006620329425639872 0.009881085037431831
1.0 22.0 1.0 0.514358702094222 0.4252422852773658 0.6027387752139385 0.0016069410425540941 -0.0068293482627120195 0.009960823114868712
1.0 23.0 0.5 0.5159202977882283 0.42562339145657063 0.6054007785922846 0.001511969141768918 -0.007139648547218235 0.010086049951690997
1.0 24.0 1.0 0.5173751651749505 0.42546300683531885 0.6083962894030464 0.0013946036759961917 -0.007546556489607594 0.010264245704369407
1.0 25.0 1.0 0.5187044275563176 0.4246956793428956 0.6117539743565952 0.0012620363061705236 -0.008044891464896328 0.01050424426666453
1.0 26.0 1.0 0.5198968641653087 0.4232525836732425 0.6155207926488975 0.0011223752412426028 -0.008628955884578548 0.01081614866238465
1.0 27.0 1.0 0.5209497775341827 0.4210632010195637 0.6197620064829462 9.845331906702679E-4 -0.009292584640033293 0.011211162139800997
1.0 28.0 0.0 0.5218697056957382 0.4180571605511547 0.6245607274713094 8.580272852179113E-4 -0.01002927051644239 0.011701323687636272
1.0 29.0 0.0 0.5226728872274776 0.4141661238392183 0.6300169384502252 7.526845308976644E-4 -0.010832375505906815 0.012299145360989444
1.0 30.0 0.5 0.5233853854045988 0.40932553003404293 0.6362459902415855 6.782559460187495E-4 -0.011695429286875163 0.013017158822706576
1.0 31.0 0.0 0.5240427859536806 0.40347597739442637 0.6433766311306948 6.439526600375226E-4 -0.012612506380795398 0.013867388487535184
1.0 32.0 0.0 0.5246894009589487 0.39656401315957146 0.6515486656322259 6.579265724513299E-4 -0.013578663946602638 0.014860777267277022
1.0 33.0 0.5 0.5253769379346012 0.38854214613256216 0.6609103483040965 7.267254763176018E-4 -0.014590414100553638 0.016006597080044357
1.0 34.0 1.0 0.5261626254576625 0.3793679776405187 0.6716156001744132 8.547569726796676E-4 -0.015646199081724543 0.01731187933617723
1.0 35.0 1.0 0.527106821916805 0.3690024474187368 0.6838211029832422 0.0010437966075267473 -0.016746835158679446 0.018780900342577716
1.0 36.0 1.0 0.5282701685340516 0.35740728784190734 0.6976832969936805 0.0012925734795860098 -0.017895892070529777 0.02041475321023586
1.0 37.0 0.0 0.5297103787547531 0.34454185402884463 0.7133552943137512 0.0015964615236708415 -0.019099978761209006 0.02221103198682399
1.0 38.0 0.5 0.5314787808558649 0.33035954004389156 0.730983725213691 0.0019472974864767432 -0.020368912598825326 0.024163646162215887
