1.0 1.0 0.5 0.7766993675156003 0.5014245494708212 1.0377844744057332 -0.022050326049966786 -0.0821047046235861 0.03913483847493286
1.0 2.0 1.0 0.7534251628324823 0.5191841592612086 0.9746700042072184 -0.024280593271926776 -0.07576033978297735 0.028444311868453382
1.0 3.0 1.0 0.7285230380100035 0.5267168586376173 0.9186100872280305 -0.025358295598751003 -0.06945591452547432 0.02003974874329288
1.0 4.0 0.5 0.7029803493864186 0.5260811681126141 0.8694702819737401 -0.025621766947976993 -0.0634682830201309 0.01353868589073983
1.0 5.0 0.5 0.6774275368482123 0.5190475533746395 0.826708672278287 -0.02544092782424515 -0.05808616522220653 0.008508972539062153
1.0 6.0 1.0 0.6521251225637964 0.5070643535369553 0.7893846032540325 -0.025178425709461064 -0.05357386634056225 0.004508216240074026
1.0 7.0 0.5 0.6269936662384452 0.49122418352714503 0.7562506532452097 -0.025143653374726155 -0.0501292594077469 0.0011313707800754292
1.0 8.0 0.5 0.6016901520294219 0.4722563805825564 0.725909043885035 -0.025547311686099236 -0.047843807329984375 -0.001940697494209006
1.0 9.0 0.5 0.5757258347227711 0.45057865518598217 0.6969896381199306 -0.026465386974548456 -0.04667370833754103 -0.004899866279527755
1.0 10.0 0.0 0.5486120500601627 0.42641729319977684 0.6683138812764375 -0.02782034465644261 -0.04642983898779508 -0.007784165983734098
1.0 11.0 1.0 0.5200140230538158 0.399971349386532 0.6390303365644937 -0.029384475608176013 -0.04679015439858374 -0.010471900632733606
1.0 12.0 1.0 0.4898894648374963 0.3715785264549949 0.6087188922026902 -0.030806984031259414 -0.04733338533254339 -0.012700737395039057
1.0 13.0 0.5 0.458588597004142 0.34184241493255685 0.5774584407678224 -0.03166365623667233 -0.04758952216152893 -0.014114013068909456
1.0 14.0 0.5 0.4268946175636969 0.3116923883489917 0.5458458407494945 -0.031525440088032285 -0.047101339036652076 -0.01433285190412878
1.0 15.0 0.0 0.3959890677751533 0.2823614973393987 0.5149505321711563 -0.030038343380675722 -0.04549067585309982 -0.013045583042575947
1.0 16.0 0.5 0.367337062413554 0.25528337089787245 0.48619398149777115 -0.02700096630764442 -0.0425214991483896 -0.010095768528045687
1.0 17.0 0.5 0.3425041306692876 0.23192701901550458 0.4611579535707993 -0.022420241824341696 -0.03814827144837342 -0.0055424562093180935
1.0 18.0 0.0 0.32293661882798164 0.2136055763652384 0.44134783468416167 -0.016525756233169805 -0.03253484168976043 3.3080390204491187E-4
1.0 19.0 0.0 0.3097535222164141 0.2013046247379837 0.42795864932477196 -0.009732022468075426 -0.026030884425336617 0.007065917564471681
1.0 20.0 0.0 0.30360043096931705 0.19557184853769363 0.4217007861717446 -0.0025544535482037705 -0.019103791533747482 0.014125882055196546
1.0 21.0 0.0 0.3046018235542766 0.19649253382119924 0.4227315325922628 0.004498456101623116 -0.0122408211213424 0.02100704326809514
1.0 22.0 0.5 0.31241993115689876 0.20375129690429777 0.4307080561194024 0.011025006955142533 -0.005850046551449164 0.027334675489675636
1.0 23.0 0.0 0.32639698499770287 0.21675772328173665 0.4449389654317355 0.016793214384637708 -1.9110119525784003E-4 0.03291633948326978
1.0 24.0 1.0 0.34573471832313113 0.2347983738082157 0.46458210292403984 0.02175133819683141 0.00464388373572344 0.03774333941707622
1.0 25.0 0.0 0.36965872865359334 0.2571731821495664 0.4888284429189745 0.025989075997764774 0.00869744549483107 0.04194793337260798
1.0 26.0 1.0 0.3975266083476387 0.28328144396099164 0.5170268184600478 0.029667816383705546 0.0120782407269255 0.04573596555926992
1.0 27.0 0.0 0.4288611194138575 0.31263856336788626 0.5487318231821947 0.03294452022867802 0.01488204992197519 0.0493175279595512
1.0 28.0 0.0 0.4633131209361408 0.34482315567437516 0.5836844646114376 0.035910148164869767 0.017125763818629774 0.05285298645137284
1.0 29.0 0.5 0.5005755426525631 0.3793687020799524 0.6217528682173499 0.038554480722538836 0.01870929243034723 0.05642251615716433
1.0 30.0 0.5 0.5402768546443069 0.41562239353813124 0.6628658360251334 0.040760141297256566 0.019410946947639552 0.06001907199060401
1.0 31.0 0.5 0.5818818876260863 0.4525983722361367 0.7069663318557236 0.04232230464197977 0.018913816109694323 0.0635604185772406
1.0 32.0 1.0 0.6246222122882299 0.48885729862482524 0.7539962432701869 0.04298661067175605 0.01685357092077249 0.06691520884982903
1.0 33.0 0.5 0.667469434801783 0.5224498604549975 0.8039008330048873 0.04249527743413527 0.01287314796438071 0.0699381619072675
1.0 34.0 1.0 0.7091541361649307 0.5509598660565685 0.8566225531366299 0.040630499073462965 0.0066697808386138304 0.07250760197121149
1.0 35.0 0.5 0.7482227931927453 0.5716552328655488 0.9120609795100572 0.037245703967274 -0.001974979351768868 0.07455635118543097
1.0 36.0 1.0 0.7831173824905875 0.5817002483474282 0.9700156765060243 0.032279160990257266 -0.013184845513902537 0.07608782590517311
1.0 37.0 1.0 0.8122593920245332 0.5783427026510682 1.0301627792428933 0.025749546751934263 -0.026995400835921505 0.0771740047627676
1.0 38.0 0.5 0.8341219686668118 0.5590135692143058 1.0920959081876866 0.017737631490912134 -0.04337230066740395 0.07793794152148939
