1.0 1.0 0.0 0.45768526516108665 -0.19008705575793286 1.1180373599067386 0.053672124943316635 -0.09925096589470622 0.19063899638986695
1.0 2.0 0.5 0.5054380454587614 -0.05212773467145975 1.0613871456738042 0.04222694256760507 -0.08893795173185969 0.16083816285935354
1.0 3.0 1.0 0.5428758729530324 0.057009450578043276 1.0159957004025923 0.0329885831248864 -0.07944864435126858 0.13561861421538643
1.0 4.0 1.0 0.5720300617518959 0.14155470352914112 0.9810915581365295 0.025592970463314057 -0.0709830463336207 0.11456043716048303
1.0 5.0 0.0 0.594537157867978 0.2055024157526582 0.9554668895485364 0.01962358606683395 -0.06374516708631413 0.0971584311185135
1.0 6.0 1.0 0.6116151265839339 0.25254690344820896 0.9375012193482398 0.014670177115709435 -0.05789377963317299 0.08287282778965571
1.0 7.0 0.5 0.624100613109655 0.28599186254580033 0.9253154152508383 0.010390103973219916 -0.05349322952361596 0.07118455700050116
1.0 8.0 1.0 0.63254326425532 0.3086678945809091 0.9170147644993079 0.006558770799813632 -0.050477557800530266 0.061645238351601434
1.0 9.0 0.0 0.6373394585551568 0.3229140921513244 0.9109350919434529 0.0030961078655335193 -0.04864104094110429 0.05391281284002772
1.0 10.0 0.5 0.6388767521133576 0.3306480379360516 0.9058187103174998 6.068288182914399E-5 -0.04766203342800199 0.047765358739995725
1.0 11.0 1.0 0.6376554912932969 0.3334933102172899 0.9008939857845736 -0.002389567312658706 -0.047156118526253815 0.04308737985287125
1.0 12.0 1.0 0.6343570138157988 0.3329035451597435 0.8958674023070181 -0.00406316723437415 -0.046745202003087225 0.03982680904745
1.0 13.0 1.0 0.6298379980806862 0.3302306513027632 0.8908457256910624 -0.004814370287952129 -0.04612689208338746 0.03792941864340302
1.0 14.0 1.0 0.6250459796333674 0.3267143305788032 0.8862026316637067 -0.004618364928931133 -0.04513205961905732 0.03726832634207822
1.0 15.0 0.0 0.6208700014481404 0.3234013503713813 0.8824051346514976 -0.0036223850911820767 -0.04376156613822233 0.037593697071592665
1.0 16.0 0.0 0.6179603532107036 0.3210268899689375 0.8798253097124556 -0.0021536329840442605 -0.04219227754049152 0.03852526646110759
1.0 17.0 0.5 0.6165672152374007 0.31990382411269264 0.8785762664762689 -6.728016732193295E-4 -0.04074174673269629 0.03959616101395867
1.0 18.0 0.5 0.6164517507048423 0.3198670555457788 0.8784164325007324 3.218639243669874E-4 -0.03978836335874121 0.04033640408130266
1.0 19.0 0.5 0.6169084316930132 0.3203074548253974 0.8787536282225714 4.156127139826089E-4 -0.03966175614957306 0.04036942381541879
1.0 20.0 1.0 0.6169056958474206 0.3203049806922708 0.8787514440057498 -6.137153819514152E-4 -0.04053775701108906 0.039492778074623314
1.0 21.0 1.0 0.6153145956212611 0.3188392264291982 0.8775080169918992 -0.0027336363163210846 -0.04237803718048456 0.03772344898777807
1.0 22.0 1.0 0.6111672734602753 0.3150281347906083 0.8742574242920789 -0.005660649839259887 -0.04493838213177696 0.03529994056310332
1.0 23.0 0.5 0.6038798426116267 0.3083328742357815 0.8685443079970785 -0.008925233964102905 -0.04783952007302566 0.03264244049867857
1.0 24.0 0.5 0.5933887664847747 0.29867526108569975 0.860338667437337 -0.011974928102550141 -0.050669386419856695 0.030279564034978605
1.0 25.0 0.0 0.580178045694953 0.2864407608321323 0.8500791495077541 -0.014284528248442849 -0.05307981326672788 0.02875741305327716
1.0 26.0 1.0 0.56520402396874 0.2723728344526415 0.8386506686629067 -0.015447224597249247 -0.054853610368676455 0.028551476177978683
1.0 27.0 1.0 0.5497447418975273 0.2573883559691999 0.8273124825816528 -0.015233372386573407 -0.05593877046197786 0.030000764435971508
1.0 28.0 0.5 0.5352070702783646 0.24235065877985007 0.8175967499661692 -0.013617076805386472 -0.05646198680254221 0.033276062420754406
1.0 29.0 0.5 0.5229201690077498 0.22782915051658847 0.8111972362055053 -0.010778484225677034 -0.0567356995009759 0.03838307332587896
1.0 30.0 0.0 0.5139353891842605 0.21386295452666476 0.8098649633278663 -0.007089550593592659 -0.057262431074847076 0.04519098679108745
1.0 31.0 0.0 0.5088473043460159 0.19974206200877587 0.8153223260740052 -0.0030859750282493294 -0.05872644865828602 0.05347193003643528
1.0 32.0 0.0 0.5076505032601877 0.18382887289063765 0.8291977107593249 5.768180677057592E-4 -0.06195695848305351 0.0629391120165185
1.0 33.0 1.0 0.5096496043449167 0.16346116350334242 0.852969308311791 0.003186316106034908 -0.06785472905214342 0.07328009936817002
1.0 34.0 1.0 0.5134408099233199 0.13498595735106622 0.8878998357575416 0.004052552880308756 -0.07729106937604516 0.08419138917147075
1.0 35.0 1.0 0.5169784140249991 0.09394824936433843 0.9349610554249673 0.0025964588046655836 -0.09100233030294362 0.09542334506005995
1.0 36.0 0.5 0.5177284425275881 0.0353989939672096 0.9947873913874603 -0.001566776266028292 -0.10950452646752667 0.10683676182563664
1.0 37.0 0.0 0.5128967763478504 -0.04576216692089994 1.067721628958434 -0.008564494629510117 -0.13304275387744158 0.11845990855123241
1.0 38.0 0.5 0.4997051796386427 -0.15448639235713874 1.15398439896294 -0.01823548524411027 -0.16157799806071568 0.13052826631741823
