1.0 1.0 0.5 0.7677383703485438 0.5650193246867404 0.9567272431719601 -0.026831410109865252 -0.048004249857843545 -0.004282600612663097
1.0 2.0 1.0 0.7409238325822382 0.5542532561355329 0.9152393406913926 -0.02677626447102634 -0.046308525245119934 -0.005870861929187801
1.0 3.0 1.0 0.7142303348405241 0.5419430768729908 0.8755314217905946 -0.026587660488863418 -0.04459568626258906 -0.007216164946478112
1.0 4.0 0.5 0.6877962102690104 0.5283363362720231 0.8376255093804073 -0.026255998407973446 -0.04285584244980429 -0.008309692909323447
1.0 5.0 0.5 0.6617688639954181 0.5136922466423814 0.8015496421692025 -0.025772811050426697 -0.0410801242848869 -0.00914381519799589
1.0 6.0 1.0 0.6363034170063674 0.4982795077026506 0.7673374074892447 -0.025131202319907568 -0.039261060909494924 -0.0097125641241711
1.0 7.0 0.5 0.6115609423815265 0.4823731285996207 0.7350276821951488 -0.024326218975875235 -0.03739286319318319 -0.010012076349548033
1.0 8.0 0.5 0.5877063750019802 0.46625036698117656 0.7046646202021695 -0.023355127652807846 -0.035471583331993725 -0.010040973119631822
1.0 9.0 0.5 0.5649062010575124 0.4501860435666309 0.6762978354172394 -0.022217575298941722 -0.033495133774944265 -0.009800653987096007
1.0 10.0 0.0 0.5433260510437129 0.4344476047674928 0.6499826485484606 -0.020915620621682198 -0.03146316581632737 -0.009295479497719989
1.0 11.0 1.0 0.5231283265561322 0.41929036127632835 0.6257802238074164 -0.019453636051123945 -0.029376830229659617 -0.008532819510992167
1.0 12.0 1.0 0.5044699851174359 0.4049533090293472 0.6037574311995023 -0.01783809293885806 -0.02723846510720447 -0.007522946773647131
1.0 13.0 0.5 0.48750058803224045 0.3916558459309751 0.5839863256190319 -0.01607725554229371 -0.025051273597869208 -0.00627876284352366
1.0 14.0 0.5 0.47236068515155316 0.3795955585192315 0.5665432125453336 -0.014180819941390425 -0.022819059831907098 -0.00481535851541783
1.0 15.0 0.0 0.4591805705884603 0.36894710071242537 0.5515073445368818 -0.012159540623555953 -0.020546080887983 -0.0031494341733055214
1.0 16.0 0.5 0.4480793995868457 0.35986205074219024 0.5389593433244834 -0.01002488871215026 -0.018237047914295666 -0.0012986326529715046
1.0 17.0 0.5 0.439164614630045 0.3524695296908436 0.5289794629215516 -0.007788781096888193 -0.015897278382739025 7.191408605979342E-4
1.0 18.0 0.0 0.43253159436400307 0.34687730158913843 0.5216458053766111 -0.0054634093719860026 -0.013532974211579694 0.002886330307196714
1.0 19.0 0.0 0.4282634170707895 0.3431730494154275 0.5170325838507264 -0.0030611827808315565 -0.011151583976801202 0.005186202147488425
1.0 20.0 0.0 0.4264306246330423 0.3414255295644938 0.5152085081819475 -5.947823843166899E-4 -0.008762201808790076 0.007603138700890885
1.0 21.0 0.0 0.4270908841997967 0.34168534542871914 0.5162353519862691 0.0019226930372734912 -0.006375956013438314 0.010122742445048193
1.0 22.0 0.5 0.4302884715190531 0.3439851448697891 0.5201667483468271 0.00447752269470077 -0.004006341801880701 0.012731770642836045
1.0 23.0 0.0 0.43605353816528036 0.348339131670966 0.5270472503947085 0.007055143320119187 -0.0016694530002673966 0.015417937418961197
1.0 24.0 1.0 0.4444011689255171 0.35474188016821967 0.5369116797891982 0.009639957272081005 6.159304860175158E-4 0.018169627274960846
1.0 25.0 0.0 0.4553302788757413 0.3631665449375713 0.5497847677433604 0.012215209935823607 0.0028284350762222657 0.020975563773075023
1.0 26.0 1.0 0.4688224359198578 0.37356265164235986 0.5656810696373629 0.014762967338520857 0.0049443848357523836 0.023824474593160058
1.0 27.0 0.0 0.48484071880616314 0.38585372903957577 0.5846051076083317 0.017264211048720376 0.0069382855033548975 0.026704792437741216
1.0 28.0 0.0 0.5033287299400344 0.399935085880043 0.6065516699005369 0.019699051806858953 0.008783465865896973 0.029604429962853805
1.0 29.0 0.5 0.5242098761170734 0.415672043436192 0.6315061766893868 0.022047048348140315 0.010452816110790564 0.03251066272148287
1.0 30.0 0.5 0.5473870103424736 0.4328989018808485 0.6594450157096129 0.02428760564515422 0.011919549722263273 0.035410143329832125
1.0 31.0 0.5 0.5727424977378271 0.4514188482631881 0.6903357627130904 0.026400418802696533 0.01315791809672173 0.03828905187776382
1.0 32.0 1.0 0.6001387328134757 0.47100491215822515 0.724137233837266 0.028365925756384865 0.01414382310289528 0.041133365550572655
1.0 33.0 0.5 0.6294190990062141 0.4914019551227645 0.76079936601755 0.030165733608616917 0.014855295615235162 0.043929210904120886
1.0 34.0 1.0 0.6604093287402989 0.5123295605310396 0.8002629775269787 0.03178298904066751 0.015272830181646685 0.04666325102580794
1.0 35.0 0.5 0.6929191966698194 0.5334855925367319 0.842459508665993 0.033202671481278624 0.015379582585668735 0.04932305927528448
1.0 36.0 1.0 0.7267444621139155 0.5545501352123783 0.8873108678814057 0.03441179713561575 0.015161446852596834 0.05189743987321848
1.0 37.0 1.0 0.7616689694869463 0.575189514649636 0.9347295028121053 0.03539953122067051 0.014607032492230845 0.05437666937369118
1.0 38.0 0.5 0.797466817002211 0.5950601447149894 0.9846187807252165 0.03615721373326174 0.0137075635545505 0.05675264782308773
