1.0 1.0 0.5 0.5063488819394912 0.23446511133317208 0.7779070688566057 0.07683531502776327 0.015372241954439338 0.13435811553556087
1.0 2.0 0.0 0.5741950727579187 0.3413513898691919 0.8032338801205984 0.05882745865788546 0.005909710207231141 0.10872841435685333
1.0 3.0 0.5 0.6241076763178035 0.4226453937904454 0.8192054626237357 0.04113066566264284 -0.004378083137900096 0.0845301495574092
1.0 4.0 1.0 0.6568785706526742 0.4799586701645572 0.8257534162355259 0.02469716593033236 -0.014454670433993686 0.06258248096489775
1.0 5.0 1.0 0.6742104555562367 0.5158211259767926 0.8236659156199764 0.01038323089776213 -0.023382333548133384 0.043616321964285235
1.0 6.0 1.0 0.6785823709965447 0.5336196316402122 0.8143870400453621 -0.0011265895935969608 -0.03040962479480733 0.028214219432926072
1.0 7.0 1.0 0.6730451807939561 0.5374038816620029 0.7998123680903217 -0.009381927788121788 -0.035035547812781564 0.01675281673849295
1.0 8.0 1.0 0.6609655521486998 0.5315547567189147 0.7821217038785515 -0.014205704114623179 -0.037037102299554134 0.009354191717211535
1.0 9.0 0.5 0.6457453551713214 0.5203852486455937 0.7636313409190325 -0.015703561810776197 -0.036457498314004674 0.005855685554543374
1.0 10.0 0.0 0.6305470131519709 0.507777100155552 0.7466222075252119 -0.01424290851348588 -0.03356629130069462 0.005810879838517009
1.0 11.0 1.0 0.618053198829056 0.4969197908269018 0.7331325966348483 -0.01040634235196647 -0.028810891240788183 0.008531865119007364
1.0 12.0 0.5 0.610282640050438 0.4901621456286781 0.7247476144696112 -0.004927421503969242 -0.022772155376609635 0.013170000650925983
1.0 13.0 0.0 0.6084756136152694 0.48895691094168625 0.7224314643085823 0.001383295547845118 -0.016120797444680618 0.018816450307148028
1.0 14.0 0.0 0.6130556080778061 0.49387625476178076 0.7264372379026619 0.007715699780288657 -0.009563886652785982 0.02459960930155362
1.0 15.0 1.0 0.6236677852256882 0.5046840270760399 0.7363096056714551 0.01333516832592486 -0.003777894626729745 0.029764376492634595
1.0 16.0 0.5 0.6392879811200781 0.5204562889392749 0.7509766999101081 0.017646974714479846 6.629713537976607E-4 0.033726005012881005
1.0 17.0 1.0 0.6583864487031167 0.5397404550261534 0.7689100603953047 0.020239629603832403 0.0033466339687318134 0.036094695515659525
1.0 18.0 0.5 0.6791208388341935 0.5607372887013709 0.7883187049242371 0.02089928453669367 0.0040554819579765415 0.03667132893404188
1.0 19.0 1.0 0.699529045149451 0.5814854246872442 0.8073404068860449 0.01959614908492349 0.0027651225321094542 0.03542224491543374
1.0 20.0 1.0 0.7176988767256437 0.6000310887614106 0.8242026197295873 0.01645428401830547 -3.8260436759608897E-4 0.03244736296737086
1.0 21.0 0.0 0.731905938952596 0.6145761528070284 0.8373431128441843 0.011720771707238977 -0.005115435590413597 0.02795591378913571
1.0 22.0 1.0 0.7407254397353084 0.6236086128176911 0.8454973723075251 0.0057454113773456 -0.011060793818381811 0.0222569800921835
1.0 23.0 1.0 0.7431294345365211 0.6260224545157762 0.8477682384271881 -0.0010290913957430765 -0.017767097198845276 0.015761688325089538
1.0 24.0 1.0 0.7385756064002241 0.6212257728114783 0.8436907935069072 -0.008076377792477238 -0.024724085993539004 0.008985503628711557
1.0 25.0 1.0 0.7270818165265706 0.609222713207722 0.833295698485082 -0.01480740121694204 -0.03139226261849129 0.0025368140931683525
1.0 26.0 0.5 0.7092707446452223 0.5906465567166768 0.8171630995150386 -0.02060962913424899 -0.03724476319733821 -0.0029175910129931523
1.0 27.0 1.0 0.686366801256158 0.5667243397400865 0.7964519909129392 -0.024902306225325903 -0.04181580265364676 -0.006711768452116541
1.0 28.0 1.0 0.6601329201897121 0.5391652135336721 0.7728886822206386 -0.027199923901028697 -0.044746451861897185 -0.008258528047799755
1.0 29.0 1.0 0.6327434776626111 0.5099777523158118 0.7487018451805583 -0.027175122926931427 -0.04582408759200024 -0.007132562214327675
1.0 30.0 0.0 0.6065978535012341 0.48123110450646256 0.7264980459061987 -0.024713249601573926 -0.04502005876950652 -0.0031390943002272886
1.0 31.0 0.0 0.5840868912475334 0.4547827864894324 0.7090788477365301 -0.019950563014771404 -0.04252874142735084 0.0036507211934373235
1.0 32.0 0.0 0.567333107730766 0.4320049413401091 0.6992082942377937 -0.013286980530573849 -0.038797730629209416 0.012905153185014223
1.0 33.0 0.5 0.557934412782726 0.4135486103996942 0.6993492196384387 -0.005365265554451687 -0.03452788762054237 0.02407249833494421
1.0 34.0 1.0 0.5567469318851946 0.3991833161758179 0.711400448523536 0.0029861922497847887 -0.030626561540400762 0.03644580797587887
1.0 35.0 0.5 0.5637413074046291 0.3877312796913873 0.7364825501227615 0.010841439119635993 -0.028114484789365624 0.049241391791733154
1.0 36.0 1.0 0.5779570256951271 0.3770914531494456 0.7748248020513148 0.01728213197522893 -0.02800486265506641 0.06168286342730741
1.0 37.0 0.5 0.597562923143617 0.36433726613767203 0.825785353321684 0.021501573469490356 -0.031182569721100922 0.07308307186677426
1.0 38.0 0.5 0.6200136633197129 0.3458765217909984 0.8879962580115194 0.022890002063838184 -0.03830891608377246 0.08291507395176508
