1.0 1.0 0.5 0.3414155393601902 -0.28681017972912964 1.01678693134246 -0.005969422148151763 -0.1512637973533633 0.14109960627857498
1.0 2.0 0.0 0.3377180313186631 -0.19191924905944932 0.9156002190540709 -0.0015766605853848056 -0.12712928090174916 0.12444468613659249
1.0 3.0 1.0 0.33794193872815975 -0.11422800308171752 0.8382902223223634 0.0018589778368782353 -0.10658740910046427 0.10975270809739937
1.0 4.0 0.0 0.34110558363600785 -0.052009300482331024 0.781458287577233 0.004307053205007008 -0.08953799110918649 0.09687165099426012
1.0 5.0 0.0 0.3462512684601905 -0.0033879488181361257 0.7415985417210349 0.0058435487471264645 -0.0757524056794389 0.08570227093382084
1.0 6.0 0.0 0.3525404285014615 0.03370248603630579 0.7152167186505985 0.006624445798569346 -0.0648974098054842 0.07617691579285764
1.0 7.0 1.0 0.35931173647332065 0.06143320836461705 0.6990155659094412 0.006839311377424504 -0.0565782792515673 0.0682236388751348
1.0 8.0 0.0 0.36608701202227983 0.08189504656510127 0.6900900529268484 0.006655568620018481 -0.05039370479747616 0.061726203904810706
1.0 9.0 1.0 0.37252293631097433 0.09689976270208676 0.686043845434358 0.006168513545830265 -0.04599019694667894 0.056493382811436545
1.0 10.0 0.0 0.3783221589229951 0.10783937539141027 0.6849786234734674 0.005372411511151389 -0.043101581813801165 0.052249237278014206
1.0 11.0 1.0 0.3831309387663178 0.11562508416535286 0.6853808692370099 0.004163764989472549 -0.04156060079919297 0.04865028249587384
1.0 12.0 0.0 0.38645802453299977 0.12069602453213621 0.6859749890076192 0.002380430971025838 -0.04127526153603366 0.04532844367483444
1.0 13.0 0.0 0.38764888319767493 0.12308742408257722 0.6856112756737702 -1.2835179864445902E-4 -0.042172284590806915 0.041953738779531215
1.0 14.0 0.0 0.38594008504591404 0.12255687598845487 0.6832322371292393 -0.0034146727028591603 -0.04412213796737623 0.03830794273233656
1.0 15.0 0.5 0.3806007311721957 0.11876699393902311 0.6779307512637404 -0.007349485422747429 -0.046870990309295125 0.03435695255418257
1.0 16.0 1.0 0.3711422128330806 0.11150690129634179 0.6690857360254315 -0.01157340047942852 -0.050008602460995526 0.030302464925659772
1.0 17.0 0.5 0.35754865995376844 0.10091000251831658 0.6565367648312106 -0.015508481123551009 -0.052992227279795086 0.02658579102728018
1.0 18.0 1.0 0.3404580436474158 0.08760614268347498 0.6407402720000165 -0.018445800092417954 -0.055225424108215224 0.02381758730030362
1.0 19.0 0.5 0.32122086110069675 0.0727494036628224 0.6228416798859838 -0.019698590252076303 -0.05616799453970544 0.022627020177880885
1.0 20.0 0.0 0.30178772499532835 0.057895498288607516 0.6046066021634868 -0.018782994459607037 -0.05544504458810135 0.023463063768861408
1.0 21.0 0.0 0.2844251982618746 0.04475370844374836 0.5881850549080232 -0.015571186747951684 -0.05293435707412577 0.02642115136687068
1.0 22.0 0.0 0.2713147406663753 0.03488195488624705 0.5757335093636469 -0.010364801607226701 -0.048824209926363445 0.031175965025348508
1.0 23.0 0.0 0.26413117757964044 0.029406267848539717 0.5689776761638423 -0.0038606036995234424 -0.04362941650382625 0.03705593037868426
1.0 24.0 0.0 0.2637077671629309 0.02882343137693485 0.5688395677480391 0.00298409730434173 -0.038143665224941656 0.043224715690853316
1.0 25.0 0.0 0.2698703932530827 0.032907375778650924 0.5752487845850826 0.009146555639637878 -0.033317392258860136 0.04889131832576537
1.0 26.0 0.0 0.28147430726566314 0.04071275937511767 0.5872014942030147 0.013739388459451324 -0.030081012897066876 0.053475198479308296
1.0 27.0 0.0 0.2966238411422557 0.050662444737629986 0.603047062249299 0.016169371280748024 -0.029160593133563534 0.05669233325477482
1.0 28.0 1.0 0.3130182885007688 0.06070615175029736 0.620918334506289 0.016228891343419097 -0.030942417656979745 0.05857550314709906
1.0 29.0 1.0 0.32835398211935524 0.06853065576016125 0.63920605984378 0.01411805580766964 -0.035429166595349795 0.05946811262266469
1.0 30.0 0.0 0.3407183403867252 0.07178838440556382 0.657001239977095 0.010408915863847845 -0.04229323450862076 0.06001659316810199
1.0 31.0 1.0 0.34892521081265515 0.06830364759230168 0.6744598920312159 0.005966128926981836 -0.050990483497478194 0.061149067173695525
1.0 32.0 0.5 0.35275457129083126 0.05622569901878463 0.6930581286038785 0.0018371310094825663 -0.06088090245787125 0.06400900265691328
1.0 33.0 0.0 0.35307268377845563 0.03412652984249386 0.7156989508962068 -8.746956194231742E-4 -0.07132050733233287 0.06983115489796865
1.0 34.0 0.0 0.3518235027536027 0.0010703217533671735 0.7466281667391028 -0.0011377797402506301 -0.08172173847005962 0.07978443023587663
1.0 35.0 0.0 0.35189925427423785 -0.043322877508890426 0.7911503488259656 0.0018966354384554046 -0.09160026265258038 0.09482968160088558
1.0 36.0 0.5 0.3569150249820131 -0.0988437403849553 0.8552116115256456 0.008815658327079867 -0.1006213588180082 0.11563186292756124
1.0 37.0 0.0 0.3709247159322673 -0.16475298868811952 0.9449752919971219 0.019907142932994087 -0.10864068933325706 0.14253676830075246
1.0 38.0 1.0 0.39812063988738006 -0.23996625068234717 1.0664953087617068 0.03516400033589196 -0.11572393835994173 0.17559801151099136
