1.0 1.0 0.5 0.6146718696369528 0.4121791506633829 0.8112839799111916 0.006123111989599278 -0.016281255625840974 0.028213473861983158
1.0 2.0 0.0 0.6201716988591882 0.43360441186560733 0.8005763346292211 0.004926024581547252 -0.01584265118012765 0.0254420836980146
1.0 3.0 0.5 0.6246182585423821 0.4523699090781896 0.7904759280813242 0.004011813609792078 -0.015236967460295077 0.023054860648607838
1.0 4.0 1.0 0.628279476234315 0.4688334986709377 0.7811470191190095 0.0033499400040645612 -0.01449269684838678 0.021020785061435666
1.0 5.0 1.0 0.6313909717628747 0.4833224109454442 0.772721534028363 0.0029064868645761275 -0.013641226767398304 0.01930514988811076
1.0 6.0 1.0 0.634153176897281 0.4961304128624081 0.7652962908348574 0.0026451720395736763 -0.012715875549844364 0.01787056978080845
1.0 7.0 1.0 0.6367295124662053 0.5075158088235954 0.7589314462387534 0.0025284422538452383 -0.011750873348936593 0.016678094151301677
1.0 8.0 1.0 0.6392456785415563 0.5177002472931251 0.7536503057622155 0.0025185957119304376 -0.010780336285382955 0.01568836895478586
1.0 9.0 0.5 0.6417900573476156 0.5268682671464054 0.7494405625566404 0.0025788750992337883 -0.009837283926697237 0.0148627841200759
1.0 10.0 0.0 0.6444151700311939 0.5351675067533563 0.7462569271535855 0.0026744729293474547 -0.008952747937860732 0.014164541338640384
1.0 11.0 1.0 0.6471400727865785 0.5427095092433691 0.7440249915715017 0.0027733969988996683 -0.00815501317257127 0.013559581683247546
1.0 12.0 0.5 0.6499535309459977 0.5495710785077471 0.742646058720351 0.00284715535141277 -0.0074690219981845 0.013017324734270924
1.0 13.0 0.0 0.6528177770015438 0.5557961572020286 0.7420025877240567 0.0028712367680978792 -0.00691595924313986 0.01251118986815111
1.0 14.0 0.0 0.6556726442842258 0.5613981986115604 0.741963877429495 0.0028253826313796478 -0.006513020277698706 0.012018894123464172
1.0 15.0 1.0 0.6584398741932762 0.5663629867475023 0.7423916398855487 0.0026936665274127844 -0.006273350091325577 0.01152254640115562
1.0 16.0 0.5 0.6610274206884859 0.5706518319256718 0.7431451930057366 0.0024644162404817383 -0.006206128450739608 0.01100858061167838
1.0 17.0 1.0 0.6633336175440399 0.5742050461012952 0.744086106035808 0.0021300259984659052 -0.0063167665922993005 0.010467586486745678
1.0 18.0 0.5 0.6652511253469432 0.576945594839386 0.7450822391700418 0.001686712727896185 -0.006607175226422451 0.00989410259360476
1.0 19.0 1.0 0.6666706284273209 0.5787828347180785 0.7460112104223419 0.0011342675393955128 -0.007076062353657991 0.00928642986632617
1.0 20.0 1.0 0.6674842984049831 0.5796162712955139 0.7467633871347097 4.7584295464219166E-4 -0.00771922279769915 0.008646506504181369
1.0 21.0 0.0 0.6675890733905022 0.5793393030235235 0.7472445323015576 -2.8220079712284584E-4 -0.00852978959173036 0.007979859833234557
1.0 22.0 1.0 0.6668898149762115 0.5778429392247169 0.747378238677644 -0.0011303878597909464 -0.009498430074107672 0.007295622962720181
1.0 23.0 1.0 0.6653023971529348 0.57501948719231 0.7471082611057168 -0.0020561754554331837 -0.010613485466565589 0.00660657945084964
1.0 24.0 1.0 0.6627567539922312 0.5707661918671534 0.7464008159125792 -0.003043994686735725 -0.011861069421088551 0.0059291823392445785
1.0 25.0 1.0 0.6591998714782769 0.5649887844747036 0.7452468625086052 -0.004075329592792864 -0.013225155466781602 0.00528348754236474
1.0 26.0 0.5 0.6545986608135866 0.5576048614981944 0.743664323677 -0.005128882958371895 -0.014687692613555552 0.004692946335702631
1.0 27.0 1.0 0.6489426044855293 0.5485469819194185 0.7417001447703309 -0.006180871062407698 -0.016228790740809667 0.0041840163627844115
1.0 28.0 1.0 0.6422460305580571 0.5377653474293544 0.7394320454530131 -0.0072054757430995535 -0.017827012364137942 0.00378557245450805
1.0 29.0 1.0 0.6345498514367256 0.5252299228437336 0.7369697876483471 -0.008175463225044198 -0.019459795770442875 0.00352812384471572
1.0 30.0 0.0 0.6259226043616196 0.5109318636666262 0.7344557756021709 -0.009062958182833408 -0.021104018156583415 0.003442868877215756
1.0 31.0 0.0 0.6164606525325833 0.4948841423647011 0.7320648215449485 -0.009840341713803685 -0.02273668874997615 0.0035606382307689696
1.0 32.0 0.0 0.6062874454522736 0.47712130005737013 0.7300029526188554 -0.010481226032762258 -0.024335743687407964 0.003910790392794337
1.0 33.0 0.5 0.5955517898003225 0.4576982912828154 0.7285051965331977 -0.010961448701600953 -0.02588089935406509 0.004520127525304275
1.0 34.0 1.0 0.5844251415489419 0.43668843245853317 0.7278323562009433 -0.011260025918808168 -0.02735451107787948 0.005411896466868686
1.0 35.0 0.5 0.5730979894045297 0.4141805069815911 0.7282668569862104 -0.01136000761302566 -0.02874238073681802 0.00660493000374237
1.0 36.0 1.0 0.56177545297857 0.39027511968592593 0.7301078143235952 -0.011249185741218852 -0.03003446003410649 0.008112969871731306
1.0 37.0 0.5 0.5506722616991666 0.36508042875497043 0.7336655171203287 -0.010920619657614412 -0.03122540494553098 0.00994419740761573
1.0 38.0 0.5 0.5400073094809159 0.3387074121235001 0.7392555499418743 -0.010372956848508199 -0.03231494944186269 0.012100982249897979
