0.2006154889291355
0.20084823888747572
0.2016352879801453
0.20222878446616954
0.20307283111438057
0.20410908141153783
0.20498113091888331
0.20601577180871683
0.2072250343483777
0.2083831007919942
0.2092666590905907
0.21027487921670862
0.2115753506208269
0.2127124379293282
0.21391295800688098
0.2150967486319772
0.21613147734794314
0.21719696890115958
0.21846683862231123
0.220036558336909
0.22129785985528
0.22246616068045594
0.22346806685467663
0.22501283486804957
0.22629767098791267
0.22775910172710817
0.22907108267710388
0.23047854257620268
0.23203082594687352
0.23315627431071992
0.2342689692290205
0.2352414481323975
0.23612122638708014
0.23680778135055228
0.23742151626618666
0.23810770698196132
0.2387318189718336
0.23914499630698777
0.23975321607931804
0.24075495444919365
0.24154848481963728
0.24237459315455925
0.2428286367581839
0.24334866129511235
0.2441516727231341
0.24498303877400407
0.24589476282894618
0.24705413002748905
0.24825632839505765
0.24957160222032465
0.2510950652900756
0.25268787331483217
0.25391843532360925
0.25515084810685795
0.2561121502649482
0.25660201269275684
0.25730047266863393
0.2575866300745677
0.2580474949550312
0.25833466100813773
0.2585178124616052
0.25862310590919285
0.2584595499525655
0.2583025972794962
0.2581682717640657
0.2579674026863322
0.2575857681500297
0.25696811150604426
0.2562508949457025
0.25572574461310527
0.2550328423034125
0.253993898206921
0.2531394192097921
0.2526945762177546
0.25253561499670174
0.2520702481747541
0.25153879961845793
0.251354326530308
0.25137385419899594
0.2518161446679774
0.25244625753206695
0.2530744396726414
0.2536364720485366
0.2539394493034004
0.2542778773020339
0.2546702660651197
0.2548445657002791
0.2548429492644652
0.2551371389279311
0.25542048953673313
0.255234033445635
0.25517992275018364
0.25563385794434285
0.256102679807635
0.2568061566659643
0.2572626947992618
0.25763869185450017
0.25774735274760613
0.2581246459772938
0.258238183823949
0.2581752078546271
0.2583690762191367
0.25829482607515664
0.25782630350369684
0.2575511753455633
0.25724951303103255
0.2570123421591714
0.2570483273759595
0.25719443205188197
0.2574447286567614
0.25778769071978513
0.25807466735415807
0.2582451072737509
0.25805014547545996
0.2581678400528679
0.25837679136453084
0.25883150364143065
0.2592078095704111
0.25959281522120103
0.2598737951960188
0.26029882651969816
0.2605149265555584
0.2608563174523038
0.261145777579672
0.2615076129394488
0.26156042986526196
0.26151842889833504
0.2613800398609637
0.261331993004992
0.2612064775732011
0.2612806087673716
0.26091958054479836
0.26039565918862917
0.25986439839568914
0.25930497676283376
0.25878558295483356
0.2579364868929165
0.25702987330686
0.2564987792572301
0.25593495947003675
0.25538171163592566
0.25513105035485606
0.25496710948530693
0.25504451017093904
0.2549764569101446
0.25484673773311933
0.2546145034929196
0.2545826264709904
0.25496003692719055
0.2549867061927282
0.25493409222817315
0.2554072637047657
0.2558445327260465
0.2560114662290402
0.25616244259667403
0.2562751668212584
0.25630978320374265
0.25658909600914054
0.2572506807549522
0.2577097417147149
0.25831902481481456
0.25897332236159015
0.25957821627615735
0.2604528884967242
0.26140782879368435
0.26245801101846183
0.26379725863000286
0.26534935406073745
0.26716841058156404
0.2687873229964204
0.2704805222792527
0.27208964196437113
0.2736377325708331
0.2751547975295122
0.2767700738294333
0.278364339561961
0.2798662028631598
0.2811435518304687
0.28243537474906133
0.28373939540766047
0.2853044842940859
0.2867667493960699
0.28830347091009134
0.2900851268196452
0.2912673049937997
0.29203698378993515
0.29247855860645167
0.29306651158085845
0.2936746517762054
0.2942266528198848
0.2944529577922996
0.2947228542326227
0.29525688356371105
0.29544732617616126
0.29558589011915914
0.2958377289856843
0.29622682218512003
0.2964248261180839
0.2965933662148964
0.29736484446620015
0.29804438079161494
0.29860569008128857
0.2987810276008334
0.2989213384921067
0.29870107533289375
0.2983013512228389
0.29773292439279075
0.29718789753130376
0.29636306658977174
0.2958674177266919
0.2953262260560389
0.2947920834737236
0.29441912060938485
0.29375374683399497
0.29295321352043713
0.29214874680461067
0.2911189044827178
0.28999747060813624
0.28913140065299925
0.28825228485659016
0.2875434177676671
0.2872514295696826
0.28690333895267356
0.2865461325148631
0.28630718241663544
0.2858393338526351
0.2855370550696019
0.2850396605363289
0.28469236768840017
0.2840624203014631
0.28356887469574826
0.2827442826115226
0.281798326027369
0.2807909718204871
0.27989083646083524
0.2790390379507478
0.2782283697879925
0.27726605564104434
0.27639514184485925
0.27558188823190993
0.2745845389323676
0.2743337094049871
0.2740759838325996
0.2732266241460343
0.27251923725126104
0.27204319463766163
0.27150045817797225
0.27091826999033375
0.2707176859588225
0.2705593722486942
0.27062419061024373
0.27095882686595624
0.27114229135620677
0.2712102238561918
0.27128111918716796
0.27146940802634123
0.27141211666590775
0.27150450665972786
0.2714124167575422
0.2714415415023068
0.27170520537266946
0.27196112688725665
0.2725190085909946
0.27288484126943874
0.2731139679896179
0.27327932348081524
0.27388397704027195
0.2743647700248364
0.27495863479254745
0.275574441115761
0.27627526618682247
0.2769453690669668
0.2773127734217403
0.2776079937401526
0.2779550090024012
0.2783627385840765
0.27887497055464955
0.27941083273908085
0.2803212891481989
0.28111906379379364
0.2817131729002205
0.2823358427959688
0.2829637407045716
0.28372850528861526
0.28470501861544606
0.28618685480832645
0.28793261117722113
0.28947286163262875
0.29078566551662405
0.2919847057489131
0.29347593075084677
0.294963340308407
0.29631713370124557
0.29795711405590736
0.29972673848794695
0.3015748513170294
0.30349804731127505
0.30558227655105696
0.30772234722673225
0.3099265276495261
0.31222197585757294
0.3143821442695774
0.31629912863947346
0.31792365207885814
0.31925214748186276
0.32067158936739326
0.32248161849800355
0.3242031881982158
0.32573561204093077
0.32713086578669204
0.3281264952573876
0.32908677546037823
0.32996728611513493
0.33072288229508706
0.331817528643621
0.3328077863135724
0.33354117039890996
0.3344275697122997
0.3349603423508504
0.33520546394176853
0.33517363642315395
0.33539015624528284
0.3357120854427038
0.3359419032580654
0.33596559388166636
0.33605337794737616
0.3364711249912395
0.3372054677887967
0.3384564142299771
0.33990436148765396
0.3411810840927316
0.342409774506724
0.3436957494376035
0.34491133554118336
0.346027645211504
0.34721724309096225
0.3486645142339284
0.3500557803867946
0.35163078414095933
0.35335371478776645
0.35530418166427424
0.3569815738435638
0.3586533324994948
0.36008907627270076
0.36135862399847846
0.36269683814393
0.3640017051848272
0.36531740903490256
0.36654535939144106
0.3679222997994118
0.36939944332923624
0.3709433046156072
0.3724030329650994
0.37388357835296726
0.37506364200819253
0.37622827136124737
0.3770956625703417
0.3777720835774179
0.3782557595704993
0.3787804558761575
0.37913862694925854
0.3792106533290687
0.37901585803536664
0.37865732690298265
0.3786809367712553
0.3787221933496003
0.37878902182292723
0.37909878117689444
0.3794472823413108
0.37991746914426394
0.3799481093557396
0.37969723340684847
0.37955352890523536
0.3794564190878329
0.3793400835084301
0.3791797928562096
0.37912468911868374
0.37882032812664057
0.3786874541857236
0.37901092753472226
0.3794657857031572
0.37986036460376965
0.3804178693209357
0.3810057817251629
0.3815325354833121
0.3821108005729796
0.38279357486331245
0.38358715745313754
0.38411674648457317
0.38496026438394804
0.38550873097593247
0.3863298871824446
0.387366094509854
0.3883311477602577
0.38954459614516174
0.39094106410622464
0.39221783197471494
0.39371309701239454
0.3956244062589046
0.3975474300229633
0.399274596640227
0.4008377497642184
0.40230297446869456
0.4034784337871671
0.40465074048027455
0.4058689985234297
0.40742311253380814
0.4088442171534559
0.4105825810360384
0.412490135324993
0.41418337736584276
0.41581897963938114
0.4172669857531636
0.4190709013885394
0.42104717730647334
0.4230260813222493
0.42475639037689167
0.4265963502214327
0.42858772166525594
0.4304411706512663
0.4318370984236125
0.43304179580344393
0.43397609875367316
0.4347492307308016
0.43523074622292834
0.4359101177427813
0.43653891675513884
0.43713076037253623
0.4373605584566745
0.4374913677910467
0.437622386665183
0.43788545767406445
0.438334172719103
0.43874207667967857
0.43954457234560923
0.44035352160165764
0.44104680356401077
0.44200461782589606
0.442889862506908
0.44373171382193916
0.4446006912684185
0.4456196422936735
0.4466510874012815
0.44804375428768
0.4488244305848862
0.4497919085637101
0.45107481752765566
0.4523283962817063
0.45340468713401094
0.4544349586159159
0.4554103896467015
0.45632839460226066
0.4570957733739439
0.45791432631409246
0.4588656139383277
0.4600903115052145
0.4615706572023569
0.4629199360561127
0.464348955621112
0.4661857041073426
0.46817126233175466
0.46965178502413446
0.4709973991981154
0.47219623082664075
0.4731833043070538
0.4738759789487385
0.4744780512641683
0.4749347314200534
0.47506436694543513
0.47519695572984577
0.4752896472216581
0.47543772381931393
0.475454906856923
0.4752218373605353
0.475211635733904
0.47535545686000164
0.4752786758521491
0.47488556261230747
0.4742845300548422
0.47372197867991966
0.4730332994498113
0.4724023468781047
0.47221999079177646
0.47197996515909924
0.4716902621470863
0.47109622154926895
0.470364162756042
0.4691946374169138
0.4679812406642155
0.4667902661907691
0.46570081613808223
0.46422555428663087
0.46293798919703344
0.46174955510377014
0.46067048095443364
0.45948390013413826
0.4584286658990665
0.4574655106970105
0.4566456351961477
0.4559268138540895
0.4554628050355192
0.45510009865974643
0.4549717705043615
0.45462308886254266
0.45435102204939903
0.4540322564410716
0.4535121119596118
0.4534308522281084
0.45345410104329414
0.4537583800500829
0.4544680432257082
0.45541037141949586
0.4565101908866905
0.45757437112885624
0.458813713909529
0.45997424732830994
0.46139398908401874
0.46282589725505185
0.4644802852947467
0.4658453362045321
0.4672000447284179
0.4687122165378929
0.47032646245796716
0.4718793048061568
0.47341548128179417
0.4747466611264077
0.4763842347169768
0.4782600323178132
0.48027204254707934
0.4822430228874319
0.48421509084836756
0.48633568336237143
0.4881943230016397
0.49031950428175186
0.4925796573999436
0.4947667502604477
0.49721660046418253
0.49991942203983175
0.5027579566302197
0.5055304374562084
0.5083039914211349
0.5105968959424385
0.5130511852793643
0.5155499723089072
0.5178315077740213
0.5198739413867488
0.5219342769332735
0.5239673447784479
0.5256752722803446
0.5272734855340917
0.5285557006867342
0.5299076249027458
0.5309824111587912
0.5317939106829597
0.5326721926330877
0.5333070894705434
0.5339427600913803
0.5341976376564844
0.5346181517096324
0.5348451306854889
0.5352725833631409
0.5356721819783373
0.5364625865219355
0.5370431207550301
0.5373615246102403
0.5375228302978279
0.5376017155881347
0.5376460543988353
0.5377974479815505
0.5380969211984467
0.5375906540536802
0.5369836196539859
0.5362280173140699
0.5356063355982529
0.5350862041339167
0.5345691790647313
0.5338891663880581
0.5326419926700422
0.5318223429407294
0.5309869071711054
0.5302022739374427
0.5296761094510254
0.5289988676412497
0.5284102995780339
0.5276912068942292
0.5267873542525005
0.5263889562050338
0.525921295861356
0.5260855475507799
0.5259945528883568
0.525638595244703
0.5255947749014548
0.5250833929844235
0.5249720683231649
0.5247128398203256
0.5242668736315546
0.523441743260811
0.522728857346433
0.5222985534675344
0.5216041114082002
0.5207402930402854
0.5196065743821983
0.518534805302754
0.5174587812529778
0.5163943477096793
0.5152711552882729
0.5142040125311647
0.5133441075946048
0.5123895582738929
0.5115518065737517
0.5105469710043005
0.5094155318203414
0.5083267630918239
0.5074690140799215
0.5068682152597174
0.5064585496324259
0.5059319896663925
0.5052730703113556
0.5041114196838394
0.5028787527944638
0.5015756660222329
0.5001683329502444
0.499220228565435
0.49814863942819615
0.4968280636523759
0.49566853047973414
0.4948507500305896
0.49371357300540175
0.492615711392688
0.491959911744805
0.4913588963349934
0.49109028321893317
0.4906844640162693
0.49013535265003194
0.48931507574459776
0.4882755902118522
0.48709442671524544
0.48594106396640446
0.48478472167542414
0.4834522063502593
0.4821674262020036
0.4810808991176497
0.4799418992177137
0.47886940523586935
0.4772928708409837
0.4754927997395445
0.4735872386597876
0.4714118422051756
0.4691348270483673
0.46710741420697177
0.46504528764456393
0.46339869050336635
0.46181911078086674
0.45989783338703083
0.45787992397279487
0.4558783704064764
0.4540136966784087
0.4525965490028159
0.4509684434800629
0.44922784051383546
0.4474889199640787
0.4454867690447277
0.4436786306766224
0.44217199903861243
0.44067468106993435
0.439610773688277
0.4382362567822556
0.4368075596720515
0.43546041798757656
0.4339882281871865
0.4327153579997906
0.43193345904060376
0.4311285574873384
0.43048448338729883
0.42985510533697247
0.429166481634146
0.4286553789532517
0.4282239400426453
0.4274604903956279
0.426442181479205
0.42554537641481227
0.42461413255101954
0.42378942136847436
0.42282351268994744
0.42194134629570185
0.42099037464227274
0.42030112017221766
0.4195844132309849
0.4188051109414028
0.41820555559458256
0.417615786477169
0.41733247608531093
0.4169931198000421
0.4164317917327145
0.41572202177426665
0.4147393159190291
0.4139397198320232
0.41332708026779136
0.4126738936882343
0.41182046630024044
0.41099037382126397
0.41021818471551635
0.409316031535718
0.4082984873281702
0.4072409528086513
0.4061242779337776
0.40473452062014614
0.40320821912130544
0.40158075132085624
0.3999380748423992
0.3980966216192994
0.39602050932471355
0.3937671085366339
0.3917564370606353
0.38982451433301246
0.38746010536065856
0.3852878169459591
0.3829790934393755
0.3807999362802009
0.37872919545292005
0.3767036050593538
0.37449686233106505
0.37208735816260674
0.3698238426660148
0.367412013887835
0.3649003460790121
0.3625264255016487
0.36026774327337374
0.35796862601648316
0.35589187282411683
0.353804231843557
0.3516585151480469
0.34927700387227534
0.34706115249395564
0.34461174065174094
0.3420405663336467
0.33938140172653286
0.33665810808215413
0.3339720387530024
0.331097119241728
0.32774286753940185
0.324328935198829
0.3210886753467512
0.3178397313388556
0.31478871682600074
0.31174145552802573
0.30856365052926743
0.3053720762894192
0.30219010438340954
0.2989701464147986
0.29593447968357867
0.29301064850449565
0.29020534043890595
0.28758710101139623
0.284921507649894
0.28232133522103925
0.27982862104462897
0.27772047360569313
0.2758420024289784
0.27407754502115256
0.2723963273368586
0.27075203054158536
0.2686687255393007
0.266377582251973
0.26386984590283336
0.26132122447286155
0.2589603900466716
0.25661299287549555
0.2542059667216431
0.25162346067473385
0.24929587275751283
0.2472154382837153
0.24497582866224002
0.24282316930630013
0.24062407316397072
0.23882397143746986
0.23702715787794285
0.23532171289380432
0.23358301413823448
0.2317185216755671
0.22958457821582834
0.22730979727997463
0.22556605635877275
0.22351161325521768
0.22180968471494017
0.22004026784260575
0.21798423197471406
0.21590124823311274
0.21379529787824703
0.21132829633394246
0.20897351594832816
0.20633070789566035
0.20372885276825206
0.20153186545057428
0.19886331122150508
0.19610500086377428
0.19337925188356433
0.1907230342867671
0.18825238525041524
0.18585682151041288
0.18383986870377939
0.18184301761033314
0.1798529863442391
0.17806066001571857
0.17623695556328756
0.17458895620038206
0.17298034205642748
0.17155954628949044
0.17045696671325145
0.16923496630349577
0.16809924493013764
0.16680326389502897
0.16590270022823853
0.16502568056047517
0.16465955243218083
0.16413970470146205
0.16385334597824625
0.16365725926292574
0.16338677745077473
0.16295027640089854
0.16203177080835865
0.16110912671241245
0.16032508264079903
0.15934189215483652
0.157964270846059
0.1563462614359939
0.1549663454476575
0.1535972599791232
0.15190926580249337
0.15020559269045425
0.14836404136772008
0.1468475132998243
0.14529853429298323
0.14361915245187395
0.14231696050522635
0.1407623228578842
0.13922795357402085
0.13798942456564167
0.13683858132683963
0.13530800111925115
0.1334743402515408
0.13198860009522298
0.13048824299052983
0.1287747142398448
0.1269270776290904
0.1251527675008036
0.12354346686988611
0.122145969871042
0.1208978126253322
0.11962434847157002
0.11841412119700465
0.11735859232743667
0.11648573548684024
0.11581472708832802
0.11518192420470735
0.1143660209073031
0.11359201411899159
0.11262660141922466
0.11161551432031767
0.11080156190838854
0.11005867298641361
0.1094638257124792
0.10842949728740629
0.10742466501140899
0.1065452471882736
0.10577592073237
0.10508219891609655
0.10458640805720082
0.10466700007426952
0.10484871196630555
0.1050158754609199
0.10500068588392149
0.10486192529044028
0.1045310690287885
0.10405199060423428
0.1035181203807371
0.10298574548251707
0.10228009905829194
0.10200370021859816
0.10183399427718105
0.10186781277437273
0.10173938773227176
0.10147907542805254
0.10121156062045078
0.10065118751666496
0.09999028417047062
0.098998587521964
0.0979999690668022
0.09741597316309675
0.09646163204106911
0.09553752719193213
0.09432214413542482
0.09335300508746305
0.09243960831705092
0.0915403933070949
0.09094092828999731
0.09015232110402288
0.089293016277035
0.08849344424101231
0.08791990262013112
0.08703309220007709
0.08587699850747878
0.08472524638007
0.08340982509480224
0.08212741456596472
0.08062922958371437
0.07938535048473674
0.07802377294815162
0.0770778101699503
0.07606468698666399
0.07503699364287342
0.07426214102383547
0.07350512500289505
0.07274128514336961
0.07212739995784648
0.07146806070783865
0.07087094105405063
0.07037660726381485
0.07013277865034914
0.0697574630612354
0.06954350445757307
0.0690396886794283
0.0686964130607825
0.06849436386195075
0.06842943473905619
0.06860775406953502
0.06917552287873678
0.06935478971352296
0.06917726220387359
0.0685116318678505
0.0680348071573943
0.06764160096040404
0.06728952520205266
0.06698484923562968
0.06701251706140783
0.067085498153831
0.06695326691203529
0.06672512326703713
0.06641155400663083
0.06622340603840118
0.06576158119094717
0.06528666011858682
0.06483019324685188
0.06426957944051744
0.06344772965940225
0.06288861280792252
0.062448663222916916
0.06211924857789813
0.06180118208397151
0.06127973783555196
0.06088825365465428
0.06053919632590495
0.06076928801278893
0.0607495900187698
0.060978451212484866
0.06131955738577921
0.06152763110396243
0.06168435954119556
0.06155455268594823
0.061806363670423824
0.06175311706827681
0.06210664586064999
0.062230696036884685
0.06217527918836077
0.06193248107375901
0.06179637497823474
0.06179746754444068
0.06188380977965492
0.062202654683226555
0.0625515953767237
0.0627449539199702
0.06293632206259316
0.06301910482921796
0.06306762902507056
0.06285176887395023
0.06260268481549437
0.06249711836433101
0.06212029276252948
0.06181833260437667
0.06154209404352211
0.061196787052406096
0.06093344227310685
0.060785024824785275
0.060694420418684135
0.06083758385810666
0.06088648260649124
0.061052140007206504
0.06133313303409549
0.06141953762479832
0.061829402053594565
0.06211306609349024
0.06259429597495747
0.06301488415632786
0.06340816777924624
0.06402129411119212
0.06433465579280322
0.06466943724795736
0.06499533754023014
0.06498621131330054
0.06475792534007137
