1.0 1.0 0.5 0.8952429149797569 0.6657484122545596 1.1044685502700944 -0.06311093482146111 -0.08821328064125368 -0.0347721308056962
1.0 2.0 1.0 0.833830287777656 0.6273758740749541 1.023165199543042 -0.05971431958274063 -0.08356921086801813 -0.03279715549834819
1.0 3.0 1.0 0.7758142758142758 0.5902705482060002 0.9472136815859212 -0.05631770434402012 -0.07893145607246718 -0.030815865213315568
1.0 4.0 0.5 0.7211948790896159 0.5543052606686627 0.8767411703777678 -0.05292108910529963 -0.07430112299253082 -0.02882715321266838
1.0 5.0 0.5 0.6699720976036766 0.5193460603743163 0.8118816170072071 -0.04952447386657911 -0.06967958427818076 -0.026829646846434945
1.0 6.0 1.0 0.6221459313564576 0.48527027971320147 0.7527576890839981 -0.04612785862785862 -0.06506856013642844 -0.02482162590760371
1.0 7.0 0.5 0.5777163803479592 0.45199673719091765 0.6994505681025411 -0.04273124338913811 -0.0604702304088658 -0.022800910554582877
1.0 8.0 0.5 0.5366834445781815 0.41952516996449934 0.6519605169058025 -0.03933462815041761 -0.05588739020433579 -0.020764705678529293
1.0 9.0 0.5 0.49904712404712404 0.38797276477380455 0.6101703487539246 -0.03593801291169711 -0.051323668351888625 -0.018709382450392893
1.0 10.0 0.0 0.46480741875478726 0.35758903616218884 0.5738305491035501 -0.032541397672976605 -0.04678383681214495 -0.016630168909553062
1.0 11.0 1.0 0.43396432870117085 0.32873617406968025 0.5425789280146526 -0.02914478243425611 -0.04227425135748453 -0.014520709283629921
1.0 12.0 1.0 0.4065178538862749 0.30184031700055647 0.5159893469829536 -0.02574816719553561 -0.03780347855077224 -0.012372437009758687
1.0 13.0 0.5 0.38246799431009965 0.27733465317201417 0.4936286177912566 -0.022351551956815114 -0.03338317582977599 -0.010173694650171426
1.0 14.0 0.5 0.36181474997264473 0.2556146631879547 0.47510125983566037 -0.018954936718094603 -0.029029281134805303 -0.00790854426455853
1.0 15.0 0.0 0.3445581208739104 0.23701367457823294 0.46007394558630993 -0.01555832147937411 -0.024763483060441592 -0.005555297258338737
1.0 16.0 0.5 0.33069810701389657 0.22179581390279712 0.4482825484832575 -0.012161706240653606 -0.020614664311323073 -0.003085070926873697
1.0 17.0 0.5 0.3202347083926032 0.21015925441062513 0.4395288952775243 -0.008765091001933109 -0.016619365025407177 -4.6132513220606007E-4
1.0 18.0 0.0 0.3131679250100303 0.20224349096998784 0.4336734911008402 -0.005368475763212602 -0.012819320886451472 0.002357675809421785
1.0 19.0 0.0 0.309497756866178 0.198136724152884 0.43062813538120626 -0.0019718605244921014 -0.009253822940105667 0.0054112229436595214
1.0 20.0 0.0 0.30922420396104616 0.197881394028914 0.4303503880490217 0.001424754714228399 -0.005947465554310712 0.008723910638448107
1.0 21.0 0.0 0.31234726629463483 0.20147705611573016 0.43284069358663485 0.004821369952948899 -0.0028999248656578773 0.012295415030378797
1.0 22.0 0.5 0.3188669438669439 0.2088803402401059 0.4381424221672718 0.008217985191669403 -8.610615274018381E-5 0.016100641398044655
1.0 23.0 0.0 0.3287832366779736 0.22000199265451298 0.446344827538461 0.011614600430389904 0.0025334735265629036 0.02010010679932509
1.0 24.0 1.0 0.3420961447277237 0.23470126470272637 0.4575886583564273 0.0150112156691104 0.0050004909284895515 0.02425213447798199
1.0 25.0 0.0 0.3588056680161944 0.2527784708089099 0.4720736001970073 0.018407830907830908 0.007351314461699091 0.028520356025355995
1.0 26.0 1.0 0.3789118065433855 0.2739677112698106 0.4900655527634532 0.021804446146551405 0.009614641676877799 0.03287607389076082
1.0 27.0 0.0 0.40241456030929723 0.2979337407978227 0.5118997613433717 0.0252010613852719 0.011812004833190302 0.03729775581503186
1.0 28.0 0.0 0.42931392931392937 0.32427932421371986 0.5379734611159881 0.02859767662399241 0.013959222677455235 0.041769583051350465
1.0 29.0 0.5 0.459609913557282 0.35257019696171243 0.5687209166370931 0.03199429186271291 0.016067865762174272 0.04627998504721497
1.0 30.0 0.5 0.49330251303935524 0.38238039308172594 0.6045680938667608 0.0353909071014334 0.01814643838225387 0.050820457507718915
1.0 31.0 0.5 0.5303917277601489 0.4133494270098589 0.6458754783688926 0.03878752234015391 0.020201251790967018 0.055384689179589296
1.0 32.0 1.0 0.570877557719663 0.44523071260990116 0.692889656279698 0.04218413757887441 0.0222370459483266 0.05996794010281325
1.0 33.0 0.5 0.6147600029178977 0.4779104036762205 0.7457244738048103 0.04558075281759491 0.024257426463965042 0.06456660466775836
1.0 34.0 1.0 0.6620390633548527 0.511391669418422 0.8043767617346247 0.04897736805631542 0.026265171406596784 0.06917790480571016
1.0 35.0 0.5 0.7127147390305284 0.5457577012136567 0.8687633286919881 0.05237398329503591 0.028262447960053273 0.0737996733328372
1.0 36.0 1.0 0.7667870299449246 0.5811322588659898 0.9387604148728372 0.05577059853375641 0.030250966813337807 0.07843019956013621
1.0 37.0 1.0 0.8242559360980413 0.6176496928356173 1.0142336698169754 0.05916721377247692 0.032232093373390884 0.08306811808066666
1.0 38.0 0.5 0.8851214574898785 0.6554371520894533 1.0950559445574894 0.06256382901119742 0.03420692880279243 0.08771232773184863
