20040111 19:30:25, 12, 1, 1
20040111 19:30:48, 6, 6, 0
20040111 19:31:14, 6, 0, 1
20040111 19:31:37, 5, 5, 0
20040111 19:32:00, 12, 0, 1
20040111 19:32:23, 4, 5, 0
20040111 19:32:46, 4, 1, 1
20040111 19:33:09, 7, 6, 0
20040111 19:33:30, 6, 6, 0
20040111 19:33:56, 5, 0, 1
20040111 19:34:22, 5, 5, 0
20040111 19:34:47, 4, 2, 1
20040111 19:35:09, 10, 8, 0
20040111 19:35:32, 3, 1, 1
20040111 19:35:59, 6, 0, 1
20040111 19:36:23, 5, 5, 0
20040111 19:36:47, 9, 0, 1
20040111 19:37:08, 8, 8, 0
20040111 19:37:29, 6, 5, 0
20040111 19:37:53, 8, 2, 1
20040111 19:38:16, 6, 6, 0
20040111 19:38:40, 8, 0, 1
20040111 19:39:03, 3, 3, 0
20040111 19:39:29, 8, 0, 1
20040111 19:39:58, 6, 1, 1
20040111 19:40:27, 4, 4, 0
20040111 19:40:50, 10, 9, 0
20040111 19:41:14, 6, 0, 1
20040111 19:41:37, 2, 1, 1
20040111 19:41:58, 3, 3, 0
20040111 19:42:21, 6, 6, 0
20040111 19:42:46, 6, 0, 1
20040111 19:43:10, 5, 0, 1
20040111 19:43:32, 6, 6, 0
20040111 19:43:56, 5, 1, 1
20040111 19:44:19, 4, 4, 0
20040111 19:44:42, 6, 6, 0
20040111 19:45:05, 3, 0, 1
20040111 19:45:31, 4, 4, 0
20040111 19:45:56, 6, 0, 1
20040111 19:46:19, 10, 10, 0
20040111 19:46:41, 6, 0, 1
20040111 19:47:02, 6, 0, 1
20040111 19:47:25, 10, 9, 0
20040111 19:47:47, 4, 0, 1
20040111 19:48:11, 6, 6, 0
20040111 19:48:35, 5, 0, 1
20040111 19:49:04, 8, 8, 0
20040111 19:49:25, 5, 2, 1
20040111 19:49:47, 0, 1, 0
20040111 19:50:10, 6, 3, 1
20040111 19:50:31, 4, 4, 0
20040111 19:50:55, 6, 6, 0
20040111 19:51:17, 4, 0, 1
20040111 19:51:39, 4, 4, 0
20040111 19:52:00, 9, 1, 1
20040111 19:52:22, 10, 0, 1
20040111 19:52:44, 4, 4, 0
20040111 19:53:05, 5, 1, 1
20040111 19:53:33, 4, 4, 0
20040111 19:53:51, 5, 4, 0
20040111 19:54:12, 6, 1, 1
20040111 19:54:36, 8, 0, 1
20040111 19:54:57, 6, 5, 0
20040111 19:55:21, 4, 3, 0
20040111 19:55:42, 7, 0, 1
20040111 19:56:05, 6, 6, 0
20040111 19:56:27, 2, 1, 1
20040111 19:56:51, 4, 3, 0
20040111 19:57:12, 5, 0, 1
20040111 19:57:33, 5, 1, 1
20040111 19:57:55, 4, 4, 0
20040111 19:58:16, 9, 0, 1
20040111 19:58:39, 9, 8, 0
20040111 19:59:02, 9, 9, 0
20040111 19:59:26, 3, 0, 1
20040111 19:59:49, 6, 6, 0
20040111 20:00:13, 2, 0, 1
20040111 20:00:32, 6, 0, 1
20040111 20:00:55, 3, 3, 0
20040111 20:01:17, 12, 13, 0
20040111 20:01:38, 6, 1, 1
20040111 20:02:33, 1, 1, 0
20040111 20:02:55, 6, 0, 1
20040111 20:03:16, 8, 2, 1
20040111 20:03:37, 4, 3, 0
20040111 20:04:50, 5, 5, 0
20040111 20:05:13, 10, 0, 1
20040111 20:05:33, 6, 0, 1
20040111 20:05:56, 7, 7, 0
20040111 20:06:23, 7, 6, 0
20040111 20:06:44, 3, 0, 1
20040111 20:07:07, 7, 7, 0
20040111 20:07:33, 6, 0, 1
