192, 195, 192, 188, 196First Try [3, 42, 80, 3, 38, 72, 35, 49, 63, 7, 34, 60, 27, 42, 57, 43, 49, 55, 32, 40, 47]
Try [3, 42, 80, 35, 49, 63, 3, 38, 72, 7, 34, 60, 27, 42, 57, 43, 49, 55, 32, 40, 47]
Attempt 188 best 188
Try [3, 42, 80, 7, 34, 60, 35, 49, 63, 3, 38, 72, 27, 42, 57, 43, 49, 55, 32, 40, 47]
Attempt 187 best 188
Try [3, 42, 80, 27, 42, 57, 35, 49, 63, 7, 34, 60, 3, 38, 72, 43, 49, 55, 32, 40, 47]
Attempt 191 best 187
Try [3, 42, 80, 43, 49, 55, 35, 49, 63, 7, 34, 60, 27, 42, 57, 3, 38, 72, 32, 40, 47]
Attempt 187 best 187
Try [3, 42, 80, 32, 40, 47, 35, 49, 63, 7, 34, 60, 27, 42, 57, 43, 49, 55, 3, 38, 72]
Attempt 201 best 187
First Try [3, 38, 72, 3, 42, 80, 35, 49, 63, 7, 34, 60, 27, 42, 57, 43, 49, 55, 32, 40, 47]
Try [3, 38, 72, 35, 49, 63, 3, 42, 80, 7, 34, 60, 27, 42, 57, 43, 49, 55, 32, 40, 47]
Attempt 188 best 188
Try [3, 38, 72, 7, 34, 60, 35, 49, 63, 3, 42, 80, 27, 42, 57, 43, 49, 55, 32, 40, 47]
Attempt 189 best 188
Try [3, 38, 72, 27, 42, 57, 35, 49, 63, 7, 34, 60, 3, 42, 80, 43, 49, 55, 32, 40, 47]
Attempt 190 best 188
Try [3, 38, 72, 43, 49, 55, 35, 49, 63, 7, 34, 60, 27, 42, 57, 3, 42, 80, 32, 40, 47]
Attempt 188 best 188
Try [3, 38, 72, 32, 40, 47, 35, 49, 63, 7, 34, 60, 27, 42, 57, 43, 49, 55, 3, 42, 80]
Attempt 203 best 188
Attempt 188 best 187
First Try [35, 49, 63, 3, 38, 72, 3, 42, 80, 7, 34, 60, 27, 42, 57, 43, 49, 55, 32, 40, 47]
Try [35, 49, 63, 3, 42, 80, 3, 38, 72, 7, 34, 60, 27, 42, 57, 43, 49, 55, 32, 40, 47]
Attempt 188 best 188
Try [35, 49, 63, 7, 34, 60, 3, 42, 80, 3, 38, 72, 27, 42, 57, 43, 49, 55, 32, 40, 47]
Attempt 187 best 188
Try [35, 49, 63, 27, 42, 57, 3, 42, 80, 7, 34, 60, 3, 38, 72, 43, 49, 55, 32, 40, 47]
Attempt 188 best 187
Try [35, 49, 63, 43, 49, 55, 3, 42, 80, 7, 34, 60, 27, 42, 57, 3, 38, 72, 32, 40, 47]
Attempt 188 best 187
Try [35, 49, 63, 32, 40, 47, 3, 42, 80, 7, 34, 60, 27, 42, 57, 43, 49, 55, 3, 38, 72]
Attempt 197 best 187
Attempt 187 best 187
First Try [7, 34, 60, 3, 38, 72, 35, 49, 63, 3, 42, 80, 27, 42, 57, 43, 49, 55, 32, 40, 47]
Try [7, 34, 60, 35, 49, 63, 3, 38, 72, 3, 42, 80, 27, 42, 57, 43, 49, 55, 32, 40, 47]
Attempt 188 best 189
Try [7, 34, 60, 3, 42, 80, 35, 49, 63, 3, 38, 72, 27, 42, 57, 43, 49, 55, 32, 40, 47]
Attempt 187 best 188
Try [7, 34, 60, 27, 42, 57, 35, 49, 63, 3, 42, 80, 3, 38, 72, 43, 49, 55, 32, 40, 47]
Attempt 188 best 187
Try [7, 34, 60, 43, 49, 55, 35, 49, 63, 3, 42, 80, 27, 42, 57, 3, 38, 72, 32, 40, 47]
Attempt 187 best 187
Try [7, 34, 60, 32, 40, 47, 35, 49, 63, 3, 42, 80, 27, 42, 57, 43, 49, 55, 3, 38, 72]
Attempt 197 best 187
Attempt 187 best 187
First Try [27, 42, 57, 3, 38, 72, 35, 49, 63, 7, 34, 60, 3, 42, 80, 43, 49, 55, 32, 40, 47]
Try [27, 42, 57, 35, 49, 63, 3, 38, 72, 7, 34, 60, 3, 42, 80, 43, 49, 55, 32, 40, 47]
Attempt 191 best 190
Try [27, 42, 57, 7, 34, 60, 35, 49, 63, 3, 38, 72, 3, 42, 80, 43, 49, 55, 32, 40, 47]
Attempt 187 best 190
Try [27, 42, 57, 3, 42, 80, 35, 49, 63, 7, 34, 60, 3, 38, 72, 43, 49, 55, 32, 40, 47]
Attempt 191 best 187
Try [27, 42, 57, 43, 49, 55, 35, 49, 63, 7, 34, 60, 3, 42, 80, 3, 38, 72, 32, 40, 47]
Attempt 187 best 187
Try [27, 42, 57, 32, 40, 47, 35, 49, 63, 7, 34, 60, 3, 42, 80, 43, 49, 55, 3, 38, 72]
Attempt 201 best 187
Attempt 187 best 187
First Try [43, 49, 55, 3, 38, 72, 35, 49, 63, 7, 34, 60, 27, 42, 57, 3, 42, 80, 32, 40, 47]
Try [43, 49, 55, 35, 49, 63, 3, 38, 72, 7, 34, 60, 27, 42, 57, 3, 42, 80, 32, 40, 47]
Attempt 190 best 188
Try [43, 49, 55, 7, 34, 60, 35, 49, 63, 3, 38, 72, 27, 42, 57, 3, 42, 80, 32, 40, 47]
Attempt 187 best 188
Try [43, 49, 55, 27, 42, 57, 35, 49, 63, 7, 34, 60, 3, 38, 72, 3, 42, 80, 32, 40, 47]
Attempt 189 best 187
Try [43, 49, 55, 3, 42, 80, 35, 49, 63, 7, 34, 60, 27, 42, 57, 3, 38, 72, 32, 40, 47]
Attempt 187 best 187
Try [43, 49, 55, 32, 40, 47, 35, 49, 63, 7, 34, 60, 27, 42, 57, 3, 42, 80, 3, 38, 72]
Attempt 197 best 187
Attempt 187 best 187
First Try [32, 40, 47, 3, 38, 72, 35, 49, 63, 7, 34, 60, 27, 42, 57, 43, 49, 55, 3, 42, 80]
Try [32, 40, 47, 35, 49, 63, 3, 38, 72, 7, 34, 60, 27, 42, 57, 43, 49, 55, 3, 42, 80]
Attempt 203 best 203
Try [32, 40, 47, 7, 34, 60, 35, 49, 63, 3, 38, 72, 27, 42, 57, 43, 49, 55, 3, 42, 80]
Attempt 205 best 203
Try [32, 40, 47, 27, 42, 57, 35, 49, 63, 7, 34, 60, 3, 38, 72, 43, 49, 55, 3, 42, 80]
Attempt 205 best 203
Try [32, 40, 47, 43, 49, 55, 35, 49, 63, 7, 34, 60, 27, 42, 57, 3, 38, 72, 3, 42, 80]
Attempt 205 best 203
Try [32, 40, 47, 3, 42, 80, 35, 49, 63, 7, 34, 60, 27, 42, 57, 43, 49, 55, 3, 38, 72]
Attempt 201 best 203
Attempt 201 best 187
, 187
