# Predictions of cost change wrong here
# Objective
0.008428812928176972 0.0 0.0 0.0 0.0 1000.0 1000.0 1000.0 1000.0
# Variables in start
0.0 0.0 0.0 0.0 0.0 1.0 1.0 1.0 1.0
# Equations with RHS on far right
0.008798346818982157 -1.0 0.0 0.0 0.0 1.0 0.0 0.0 0.0 6.752618187409624E-5
0.009864813197773362 0.0 -1.0 0.0 0.0 0.0 1.0 0.0 0.0 7.543851581184046E-5
0.012511356024635743 0.0 0.0 -1.0 0.0 0.0 0.0 1.0 0.0 9.567724298166005E-5
0.006259750545343113 0.0 0.0 0.0 -1.0 0.0 0.0 0.0 1.0 4.7869765095970796E-5
