# -ve value for variable here
# Objective
0.053081264495436 9.300469878335945E-4 0.0 0.0 0.0 0.0 0.0 0.0 0.0 0.0 1000.0 1000.0 1000.0 1000.0 1000.0 1000.0 1000.0 1000.0
# Variables in start
0.0 0.0 0.0 0.0 0.0 0.0 0.0 0.0 0.0 0.0 1.0 1.0 1.0 1.0 1.0 1.0 1.0 1.0
# Equations with RHS on far right
0.06137584838857535 0.013632881210191392 -1.0 0.0 0.0 0.0 0.0 0.0 0.0 0.0 1.0 0.0 0.0 0.0 0.0 0.0 0.0 0.0 0.001416310726964173
0.05524734405149276 -0.0057641264774936215 0.0 -1.0 0.0 0.0 0.0 0.0 0.0 0.0 0.0 1.0 0.0 0.0 0.0 0.0 0.0 0.0 0.0012676252665155768
0.061368399286539754 0.0061819778747938085 0.0 0.0 -1.0 0.0 0.0 0.0 0.0 0.0 0.0 0.0 1.0 0.0 0.0 0.0 0.0 0.0 4.42072636244708E-4
0.049772903754939916 0.005616686747960829 0.0 0.0 0.0 -1.0 0.0 0.0 0.0 0.0 0.0 0.0 0.0 1.0 0.0 0.0 0.0 0.0 3.586194161530338E-4
0.05354560248059098 0.014335107878384629 0.0 0.0 0.0 0.0 -1.0 0.0 0.0 0.0 0.0 0.0 0.0 0.0 1.0 0.0 0.0 0.0 3.8684695919461614E-4
0.03876793404595988 0.016763615201870755 0.0 0.0 0.0 0.0 0.0 -1.0 0.0 0.0 0.0 0.0 0.0 0.0 0.0 1.0 0.0 0.0 2.808882639204432E-4
0.05409145060135165 0.0012820851358928186 0.0 0.0 0.0 0.0 0.0 0.0 -1.0 0.0 0.0 0.0 0.0 0.0 0.0 0.0 1.0 0.0 3.891275057910649E-4
0.043470830556917736 0.0012000403949673933 0.0 0.0 0.0 0.0 0.0 0.0 0.0 -1.0 0.0 0.0 0.0 0.0 0.0 0.0 0.0 1.0 3.1274539920084953E-4
