1.0 1.0 0.5 0.8199644316029131 0.5349634696658672 1.0885569611500663 -0.040844231988417384 -0.0958991263688428 0.016305238391413984
1.0 2.0 1.0 0.7798130472958554 0.5403212028030421 1.0049555047478556 -0.03945853662569797 -0.0900273839315642 0.01313382537892203
1.0 3.0 1.0 0.7410473583515171 0.5396932201767364 0.9300400935339124 -0.03807284126297856 -0.08417910026854819 0.009985871140692519
1.0 4.0 0.5 0.7036673647698983 0.5321644019195017 0.8647258473756848 -0.03668714590025915 -0.07836170437839461 0.006868804675325504
1.0 5.0 0.5 0.667673066550999 0.5169531912850831 0.8097943230194273 -0.03530145053753974 -0.07258603705494128 0.0037934667766586806
1.0 6.0 1.0 0.633064463694819 0.4940466099657043 0.7652584987729165 -0.033915755174820324 -0.06686848224743733 7.762413939413402E-4
1.0 7.0 0.5 0.5998415562013582 0.4647834637833071 0.7297795688142111 -0.03253005981210091 -0.061234827419396114 -0.0021570840093133956
1.0 8.0 0.5 0.5680043440706171 0.4316313528708864 0.7008899330103159 -0.0311443644493815 -0.055727585635559664 -0.004963996368363224
1.0 9.0 0.5 0.5375528273025952 0.39726305497105546 0.6759168136186171 -0.029758669086662092 -0.05042046773064803 -0.007570784848488338
1.0 10.0 0.0 0.5084870058972928 0.36383636232240685 0.6527024184005225 -0.028372973723942683 -0.045447426004357194 -0.00984349714999264
1.0 11.0 1.0 0.4808068798547099 0.3328218582716606 0.629776164009312 -0.026987278361223273 -0.041056523741159756 -0.011534069988403504
1.0 12.0 1.0 0.45451244917484634 0.3051177560108449 0.606239837252958 -0.025601582998503857 -0.03767209074677164 -0.012218173558005087
1.0 13.0 0.5 0.4296037138577022 0.2812001231031778 0.5816173705682416 -0.024215887635784444 -0.0358078666031086 -0.011382068276881563
1.0 14.0 0.5 0.40608067390327746 0.26121695577889176 0.5557607677249312 -0.022830192273065035 -0.035640029922823446 -0.008849575532380173
1.0 15.0 0.0 0.38394332931157205 0.24500857269114087 0.5288297100698716 -0.021444496910345626 -0.036794546568179064 -0.004994729462237989
1.0 16.0 0.5 0.3631916800825861 0.2320461741969279 0.5013529972460605 -0.020058801547626216 -0.038761128763952095 -3.278178416784383E-4
1.0 17.0 0.5 0.3438257262163196 0.2212710080570432 0.47438938149270776 -0.018673106184906803 -0.041191055685810225 0.004802438504966289
1.0 18.0 0.0 0.3258454677127725 0.21083552914938705 0.44978640793191366 -0.017287410822187394 -0.04389074591163821 0.010202458155580808
1.0 19.0 0.0 0.30970850763827223 0.19833253212055654 0.4308430212258205 -0.01407130319415845 -0.04110337216282834 0.013682371066519613
1.0 20.0 0.0 0.29816046439078303 0.18506310141623006 0.4216085727811935 -0.009024783300819987 -0.03277298347830088 0.015186226276702994
1.0 21.0 0.0 0.29165894103663226 0.17359767882478205 0.4204043601183991 -0.00397826340748152 -0.024586876042631007 0.016834362735744
1.0 22.0 0.5 0.29020393757581997 0.16598069946221272 0.42518594812143695 0.0010682564858569468 -0.01662532647188854 0.018707057059712373
1.0 23.0 0.0 0.29379545400834617 0.16364530699112634 0.43452019312770257 0.00611477637919541 -0.009025843315297762 0.02094181779783244
1.0 24.0 1.0 0.3024334903342108 0.16748133771937423 0.44751725882934473 0.011161296272533875 -0.00201644988734799 0.0237666682645935
1.0 25.0 0.0 0.3161180465534139 0.17797969943587172 0.46368623743744825 0.016207816165872344 0.004082163531980119 0.027502298739976252
1.0 26.0 1.0 0.3348491226659555 0.19534029910468642 0.48282722198794503 0.021254336059210805 0.00899119018163533 0.03242751598503189
1.0 27.0 0.0 0.3586267186718356 0.2195247430784471 0.5049786061282073 0.02630085595254928 0.012712867056507598 0.038540083004870475
1.0 28.0 0.0 0.38745083457105406 0.25025895692270705 0.5304144642926808 0.031347375845887746 0.015528155903919512 0.045559038052169404
1.0 29.0 0.5 0.42132147036361106 0.286991189476814 0.5596865476420182 0.03639389573922621 0.01775699217056755 0.053164445680232215
1.0 30.0 0.5 0.4602386260495065 0.328813481012323 0.5937028159046646 0.041440415632564676 0.019626053431944693 0.061129628313565915
1.0 31.0 0.5 0.5042023016287404 0.3743790063962956 0.6338100942135576 0.04648693552590314 0.021271896954427046 0.0693180286857944
1.0 32.0 1.0 0.5532124971013128 0.4219107822392849 0.6817853659581453 0.051533455419241606 0.022774246372196404 0.07764992316273589
1.0 33.0 0.5 0.6072692124672235 0.4694576068786025 0.7395798328011154 0.05657997531258008 0.024180563309294526 0.08607785012034862
1.0 34.0 1.0 0.6663724477264729 0.5154283151722232 0.8087846598844933 0.061626495205918536 0.02552013060766225 0.09457252671669175
1.0 35.0 0.5 0.7305222028790607 0.5590657178422531 0.8901570364861731 0.06667301509925701 0.026811721341041126 0.10311517987802372
1.0 36.0 1.0 0.799718477924987 0.6004488649977677 0.9836179124970786 0.07171953499259547 0.028067813608541655 0.11169333150523403
1.0 37.0 1.0 0.8739612728642516 0.6401170059580006 1.0886280385979772 0.07676605488593394 0.029296975321044357 0.12029841368744217
1.0 38.0 0.5 0.9532505876968548 0.6787046217622531 1.2045529337495664 0.0818125747792724 0.03050526095549898 0.1289243719476984
