100.0 0.1 40.0 0.3593569351106832 0.3415209214932342 0.37728897171084746 0.09945941950699169 0.0884935809550629 0.11035667246918889
100.0 0.2 40.0 0.3693029969118943 0.35238933785698545 0.3863058203669592 0.09946180817159614 0.0884963081620845 0.11035872212540486
100.0 0.3 40.0 0.3792492950758864 0.3632369188953339 0.39534397702916424 0.09946414676272286 0.08849896022167018 0.11036074681661812
100.0 0.4 40.0 0.3891958245953455 0.3740598968038174 0.4044071994907486 0.0994664352810507 0.08850153713374709 0.11036274654425918
100.0 0.5 40.0 0.3991425804630253 0.3848536956984649 0.41350005362464254 0.09946867372724591 0.08850403889829005 0.11036472130968558
100.0 0.6 40.0 0.4090895576717452 0.3956127615653211 0.42262808343389163 0.09947086210196183 0.08850646551532093 0.11036667111418204
100.0 0.7 40.0 0.4190367512143895 0.406330377981034 0.4317979953310682 0.09947300040583978 0.08850881698490955 0.11036859595896134
100.0 0.8 40.0 0.42898415608390655 0.41699848878168927 0.44101783546943507 0.09947508863950656 0.08851109330717155 0.11037049584516127
100.0 0.9 40.0 0.43893176727330463 0.4276075701449596 0.45029711766078745 0.09947712680357873 0.08851329448227196 0.11037237077384998
100.0 1.0 40.0 0.4488795797756555 0.43814662514254743 0.45964682882301816 0.09947911489865806 0.08851542051042181 0.11037422074601982
100.0 1.1 42.0 0.4588275885840891 0.4486034082841091 0.46907920443618256 0.09948105292533467 0.08851747139188024 0.11037604576259191
100.0 1.2 44.0 0.46877578869179476 0.4589650068364885 0.4786071472232667 0.09948294088418477 0.08851944712695262 0.11037784582441322
100.0 1.3 46.0 0.4787241750920174 0.46921887229500664 0.48824319567889146 0.09948477877577343 0.0885213477159932 0.11037962093225961
100.0 1.4 48.0 0.48867274277805917 0.47935426701730693 0.4979980774354688 0.09948656660065125 0.08852317315940252 0.11038137108683174
100.0 1.5 50.0 0.49862148674327533 0.4893638690673937 0.507879104419157 0.0994883043593573 0.08852492345762907 0.11038309628875921
100.0 1.6 52.0 0.5085704019810758 0.4992450673236663 0.5178888777418281 0.09948999205241768 0.08852659861116899 0.11038479653859809
100.0 1.7 54.0 0.518519483484921 0.5090004628980471 0.528024786281932 0.09949162968034461 0.08852819862056453 0.11038647183683063
100.0 1.8 56.0 0.5284687262483238 0.5186373677168504 0.5382795081036316 0.09949321724363915 0.08852972348640707 0.11038812218386751
100.0 1.9 58.0 0.5384181252648438 0.5281665094127477 0.5486423055648266 0.09949475474278788 0.08853117320933344 0.11038974758004512
100.0 2.0 60.0 0.5483676755280921 0.5376004264807295 0.5591006301612003 0.09949624217826594 0.08853254779002984 0.11039134802562754
100.0 2.1 60.0 0.5583173720317239 0.5469520216442376 0.5696415691600728 0.09949767955053519 0.08853384722922855 0.11039292352080629
100.0 2.2 60.0 0.5682672097694407 0.5562335303839112 0.5802528770716592 0.09949906686004437 0.0885350715277093 0.11039447406569916
100.0 2.3 60.0 0.5782171837349894 0.5654559396183086 0.5909235569683473 0.09950040410722993 0.08853622068629975 0.11039599966035142
100.0 2.4 60.0 0.5881672889221562 0.5746287631600089 0.6016440850285814 0.09950169129251457 0.08853729470587365 0.11039750030473477
100.0 2.5 60.0 0.5981175203247756 0.5837600471631575 0.612406405089337 0.09950292841630973 0.08853829358735393 0.11039897599874933
100.0 2.6 60.0 0.6080678729367156 0.5928564980413071 0.6232038007282493 0.09950411547901197 0.08853921733170844 0.11040042674222035
100.0 2.7 60.0 0.6180183417518882 0.6019236597986113 0.6340307179324398 0.09950525248100735 0.08854006593995475 0.1104018525349025
100.0 2.8 60.0 0.6279689217642388 0.6109660983091724 0.6448825808191495 0.0995063394226666 0.08854083941315503 0.11040325337647523
100.0 2.9 60.0 0.6379196079677539 0.6199875713675874 0.6557556215852053 0.0995073763043498 0.0885415377524208 0.11040462926654726
0.0 0.85 0.0 0.4339579362015551 0.4223110621275416 0.44564939294959754 0.09947611398020395 0.08851220328810473 0.11037143642913072
0.0 0.95 0.0 0.44390564867329196 0.4328865917839975 0.45496242940165554 0.09947812710970527 0.0885143668897007 0.1103732988794403
0.0 1.05 0.0 0.4538535599545393 0.4433861018803889 0.4643518830138153 0.09948009017051022 0.0885164553444694 0.11037513637370067
0.0 1.15 0.0 0.46380166503845677 0.4537969137336417 0.47383042245892143 0.0994820031632023 0.08851846865269365 0.11037694891279595
0.0 1.85 0.0 0.5334434065378448 0.5234146491173789 0.5434481578426613 0.09949399225120129 0.08853045774069242 0.11038893800079519
0.0 1.95 0.0 0.5433928818035253 0.5328945587442494 0.5538603398776759 0.09949550471845647 0.08853186989241557 0.11039055092164701
0.0 2.05 0.0 0.5533425058127548 0.5422857250843937 0.5643615627020468 0.09949696712227332 0.08853320690226854 0.1103921388920086
0.0 2.15 0.0 0.5632922735592135 0.5516008168111666 0.574939147633232 0.09949837946310727 0.08853446877100807 0.11039370191203404
